,AFG,AGO,ALB,AND,ANT,ARE,ARG,ARM,ATG,AUS,AUT,AZE,BDI,BEL,BEN,BFA,BGD,BGR,BHR,BHS,BIH,BLR,BLZ,BMU,BOL,BRA,BRB,BRN,BTN,BWA,CAF,CAN,CHE,CHL,CHN,CIV,CMR,COD,COL,COM,CPV,CRI,CUB,CYP,CZE,DEU,DJI,DNK,DOM,DZA,ECU,EGY,ERI,ESP,EST,ETH,FIN,FJI,FRA,FSM,GAB,GBR,GEO,GHA,GIB,GIN,GLP,GMB,GRC,GRD,GRL,GTM,GUF,GUY,HND,HRV,HTI,HUN,IDN,IND,IRL,IRN,IRQ,ISL,ISR,ITA,JAM,JOR,JPN,KAZ,KEN,KGZ,KHM,KNA,KOR,KOS,KWT,LAO,LBN,LBR,LBY,LCA,LIE,LKA,LSO,LTU,LUX,LVA,MAR,MCO,MDA,MDG,MDV,MEX,MKD,MLI,MLT,MMR,MNE,MNG,MOZ,MRT,MUS,MWI,MYS,NAM,NCL,NER,NGA,NIC,NLD,NOR,NPL,NZL,OMN,PAK,PAN,PER,PHL,PLW,PNG,POL,PRK,PRT,PRY,PSE,PYF,QAT,REU,ROU,RUS,RWA,SAU,SDN,SEN,SGP,SLB,SLE,SLV,SMR,SOM,SRB,SSD,STP,SUR,SVK,SVN,SWE,SWZ,SYC,SYR,TCD,TGO,THA,TJK,TKM,TLS,TOA,TTO,TUN,TUR,TWN,TZA,UGA,UKR,URY,USA,UZB,VAT,VCT,VEN,VNM,VUT,WAS,WSM,YEM,ZAF,ZMB,ZRN,ZWE
AFG,0,2,0,0,0,2,1,0,0,12,5,0,1,8,3,2,6,0,2,0,0,0,0,0,0,3,0,0,2,0,2,9,5,1,5,3,2,5,4,0,0,2,0,0,0,7,0,2,0,1,0,4,0,5,1,6,3,0,9,1,2,21,0,5,0,1,0,2,1,0,0,1,1,0,0,0,3,0,6,17,1,9,2,1,3,3,0,3,11,1,4,3,1,0,2,0,1,2,4,0,2,0,0,3,0,0,3,0,3,0,1,3,1,5,0,2,0,2,0,2,3,0,0,1,4,0,1,2,5,0,5,2,3,3,1,13,1,3,4,0,1,1,0,2,1,0,0,5,0,0,3,4,3,2,2,2,1,1,1,0,2,1,0,0,0,2,0,4,0,0,2,0,2,8,2,0,0,0,0,2,2,1,3,3,1,1,32,1,0,0,0,3,0,0,0,1,6,4,0,1
AGO,2,0,0,0,0,2,2,0,1,7,2,0,0,4,2,1,3,0,2,0,0,0,0,0,0,18,1,0,0,0,1,4,7,3,4,4,3,5,2,0,0,3,4,0,0,13,0,2,1,2,0,2,0,12,3,4,4,1,7,2,1,17,1,6,0,1,0,3,2,1,0,1,0,0,0,0,0,0,4,3,2,2,3,2,3,7,0,2,2,0,5,2,1,1,2,0,0,0,2,0,0,0,0,2,0,1,2,1,3,0,2,1,0,3,0,1,0,1,0,1,1,0,0,1,2,3,2,1,5,0,6,3,0,4,1,2,2,3,3,0,2,2,0,34,1,0,0,2,0,2,4,3,3,1,0,2,0,0,1,0,0,2,0,0,0,2,0,5,0,0,0,0,2,1,0,0,0,0,0,3,2,2,6,5,2,2,18,0,0,0,1,3,0,0,0,0,10,4,4,1
ALB,0,0,0,0,0,1,4,1,0,7,13,0,0,9,1,1,1,9,0,0,9,4,0,0,0,5,0,2,0,1,0,11,17,1,3,1,1,0,4,0,0,1,0,3,10,19,0,8,0,1,1,4,0,15,5,0,4,0,21,0,0,24,5,1,0,0,0,0,17,0,0,0,0,0,0,16,0,5,5,5,3,1,0,4,5,72,0,2,6,2,1,1,0,0,3,20,0,0,2,0,1,0,0,0,0,3,0,2,3,0,2,0,0,3,12,0,3,0,11,1,0,0,0,0,2,0,0,0,2,0,11,9,0,1,1,3,0,1,1,0,1,13,0,7,1,0,1,1,0,10,10,0,4,1,1,3,0,1,0,0,0,18,0,0,0,6,16,11,0,0,1,0,0,2,0,0,0,0,1,2,16,3,1,1,3,0,37,1,0,0,1,1,0,0,0,0,3,1,0,1
AND,0,0,0,0,0,0,0,0,0,0,1,0,0,1,0,0,0,0,0,0,0,0,0,0,0,0,0,0,0,0,0,1,0,0,0,0,0,0,0,0,0,0,0,0,0,1,0,0,0,0,0,0,0,14,0,0,0,0,1,0,0,0,0,0,0,0,0,0,0,0,0,0,0,0,0,0,0,0,0,0,1,0,0,0,0,1,0,0,0,0,0,0,0,0,0,0,0,0,0,0,0,0,0,0,0,0,0,0,0,0,0,0,0,0,0,0,0,0,0,0,0,0,0,0,0,0,0,0,0,0,2,0,0,0,0,0,0,0,0,0,0,0,0,1,0,0,0,0,0,0,0,0,0,0,0,0,0,0,0,0,0,0,0,0,0,0,0,0,0,0,0,0,0,0,0,0,0,0,0,0,0,0,0,0,0,0,1,0,0,0,0,0,0,0,0,0,0,0,0,0
ANT,0,0,0,0,0,1,0,0,0,0,2,0,0,0,0,0,0,0,0,0,0,0,0,0,0,2,0,0,0,0,0,0,0,0,0,0,0,0,0,0,0,0,0,0,0,2,0,0,0,0,0,0,0,2,0,0,0,0,0,0,0,2,0,0,0,0,0,0,0,0,0,0,0,0,0,0,0,0,1,0,0,0,0,0,0,1,0,0,0,0,0,0,0,0,0,0,0,0,0,0,0,0,0,0,0,0,0,0,0,0,0,0,0,0,0,0,0,0,0,0,0,0,0,0,1,0,0,0,0,0,23,0,2,0,0,0,0,0,0,0,0,0,0,0,0,0,0,2,0,0,0,0,0,0,0,0,0,0,0,0,0,0,0,0,1,0,0,0,0,0,0,0,0,0,0,0,0,0,0,0,0,0,0,0,0,0,8,0,0,0,0,0,0,0,0,0,0,0,0,0
ARE,2,2,1,0,1,0,27,0,0,174,40,0,0,37,10,2,19,8,33,0,4,1,0,0,1,56,0,3,1,3,0,326,47,32,170,5,7,5,28,0,0,8,1,13,15,194,0,39,1,53,6,164,0,98,9,17,30,0,151,5,1,364,6,6,0,1,0,1,93,0,0,0,0,0,1,10,0,19,8,197,32,66,24,7,38,153,2,94,66,5,17,4,0,0,99,1,45,0,48,0,7,1,0,8,0,6,8,5,23,1,2,0,0,23,4,0,5,3,0,1,6,0,1,5,114,0,5,0,10,0,92,26,6,31,59,95,6,11,19,0,3,40,0,42,3,1,0,113,0,16,35,5,233,15,3,54,0,1,1,0,0,25,0,0,0,11,10,75,0,0,7,0,3,26,0,0,0,0,3,53,83,26,7,6,12,6,728,3,2,0,9,14,0,0,0,4,56,6,1,9
ARG,1,2,4,0,0,27,0,121,0,464,243,120,0,196,8,3,26,91,5,1,9,125,0,1,40,1047,1,5,1,1,0,519,362,603,326,8,14,5,372,0,1,46,43,7,230,825,0,232,11,14,77,36,0,1230,22,11,70,2,729,3,3,652,128,11,0,1,1,1,185,0,2,28,3,0,14,28,4,176,24,151,56,44,5,11,209,589,6,10,293,4,29,5,2,0,85,1,9,1,16,0,2,0,0,10,1,19,10,14,135,1,1,2,0,383,7,2,10,5,0,4,11,0,1,9,156,0,4,0,26,8,358,198,5,81,9,41,32,113,33,0,3,241,0,262,26,6,0,17,1,171,219,4,45,7,1,43,0,1,12,1,0,141,0,0,3,149,162,255,0,3,2,0,3,42,1,0,0,0,3,20,206,168,10,14,23,192,1772,1,0,0,74,22,0,0,0,0,261,12,0,10
ARM,0,0,1,0,0,0,121,0,0,133,252,122,0,106,0,0,1,179,0,0,1,226,0,0,0,268,0,2,0,0,0,137,273,132,275,0,0,0,218,0,0,1,38,98,265,320,0,165,0,1,24,98,0,279,105,0,140,0,320,0,0,304,223,0,0,0,0,0,267,0,0,0,0,0,0,141,0,257,13,144,104,107,0,3,132,301,0,1,169,3,2,1,0,0,153,0,0,0,0,0,0,0,0,95,0,99,0,27,120,0,4,1,1,143,0,0,0,1,2,3,0,0,0,0,215,3,0,0,0,0,168,166,0,99,1,136,0,40,0,0,1,272,0,228,0,6,0,96,0,166,395,0,79,0,0,6,0,0,0,0,0,223,0,0,0,166,124,168,1,0,0,0,0,138,0,0,0,0,0,2,261,230,0,0,141,0,347,9,0,0,2,0,0,0,0,0,163,0,0,0
ATG,0,1,0,0,0,0,0,0,0,1,0,0,0,0,0,0,1,0,0,0,0,0,0,0,0,0,1,0,0,0,0,1,0,0,0,0,0,0,1,0,0,0,0,0,0,0,0,0,1,0,0,0,0,0,0,0,0,0,1,0,0,2,0,0,0,0,0,0,0,1,0,0,0,0,0,0,0,0,0,3,2,0,0,0,0,0,1,0,0,0,0,0,0,1,0,0,0,0,0,0,0,0,0,1,0,0,0,0,0,0,0,0,0,0,0,0,0,0,0,0,0,0,0,0,0,0,0,0,0,0,1,0,0,1,0,1,0,0,0,0,0,0,0,0,0,0,0,0,0,0,0,0,0,0,0,0,0,0,0,0,0,0,0,0,0,0,0,0,0,0,0,0,0,0,0,0,0,0,0,0,0,0,0,1,0,0,6,0,0,0,1,0,0,0,0,0,1,0,0,1
AUS,12,7,7,0,0,174,464,133,1,0,904,121,2,1276,22,22,261,139,20,4,13,143,4,5,13,1362,5,32,26,23,4,3859,1834,687,8600,16,44,21,369,1,0,38,12,56,520,4546,0,1360,2,29,49,190,1,2126,98,75,697,85,3166,8,6,9276,140,89,0,7,5,26,482,2,11,14,8,4,2,113,2,388,450,1386,631,782,78,92,613,2414,16,85,2053,31,153,7,69,6,1017,1,52,30,77,1,18,3,3,178,1,78,54,41,161,11,7,19,5,405,10,12,19,23,2,18,34,0,7,39,1182,23,51,4,143,4,2769,890,89,2067,47,307,44,93,197,5,104,738,1,604,10,7,25,198,2,275,690,22,659,18,17,1196,29,9,6,2,4,218,0,0,3,202,267,1790,1,11,9,1,7,552,1,0,0,0,6,46,460,688,72,75,72,39,12121,4,5,0,41,394,12,0,7,5,1282,41,2,30
AUT,5,2,13,1,2,40,243,252,0,904,0,122,0,875,13,12,18,255,5,0,29,234,0,0,4,556,0,7,2,12,1,941,1790,244,969,15,16,8,281,0,0,19,45,133,835,5148,0,696,6,26,41,198,0,1403,204,35,578,3,1802,5,11,2425,241,14,0,1,0,2,551,0,6,3,3,1,0,318,1,658,48,368,309,218,12,93,368,2033,5,27,681,16,37,5,3,1,331,11,24,6,31,1,6,1,32,105,0,182,91,77,138,10,6,6,0,256,22,5,19,12,8,11,14,0,2,8,284,7,6,2,35,1,1369,584,8,229,21,224,17,59,34,0,6,789,0,551,9,7,1,133,0,358,686,12,236,6,9,120,1,1,0,1,1,358,0,0,0,390,386,1043,0,4,4,0,5,255,1,0,0,0,1,35,467,319,18,18,234,21,3483,6,1,0,18,44,0,0,0,1,351,11,1,4
AZE,0,0,0,0,0,0,120,122,0,121,122,0,0,3,0,0,1,83,0,0,0,129,0,0,1,122,0,0,0,0,0,127,128,120,127,0,0,0,119,0,0,0,0,2,121,151,0,122,0,1,1,8,0,129,2,0,1,0,134,0,0,129,124,0,0,0,0,0,124,0,0,0,0,0,0,5,0,126,1,4,1,7,0,1,121,142,0,0,127,5,1,2,0,1,5,1,1,0,1,0,0,0,0,1,0,1,0,1,122,0,1,0,0,1,1,0,0,0,0,2,0,0,0,0,119,0,0,0,0,0,124,125,0,1,1,9,0,0,0,0,0,131,0,132,0,6,0,1,0,122,184,0,15,0,0,0,0,0,0,0,0,124,0,0,0,120,120,124,0,0,0,0,0,1,0,0,0,0,0,0,274,120,0,0,10,0,150,1,0,0,0,3,0,0,0,0,121,0,0,0
BDI,1,0,0,0,0,0,0,0,0,2,0,0,0,12,1,1,0,0,0,0,0,0,0,0,0,1,0,0,0,0,0,2,2,0,2,2,4,6,0,0,0,0,1,0,0,2,0,1,0,0,0,1,0,1,0,2,0,0,5,0,1,6,0,2,0,1,0,0,0,0,0,0,0,0,0,0,1,1,0,3,0,0,0,0,0,0,0,0,0,0,6,0,0,0,0,0,0,0,0,0,0,0,0,0,0,0,2,0,1,0,0,0,0,0,0,1,0,0,0,0,1,0,0,1,1,1,0,1,3,0,4,1,0,1,0,1,0,0,1,0,0,0,0,0,0,0,0,0,0,1,0,5,0,2,1,0,0,1,0,0,1,0,0,0,0,0,0,2,0,0,0,1,1,2,0,0,0,0,0,1,0,0,6,5,0,0,10,0,0,0,0,1,0,0,0,1,6,1,0,0
BEL,8,4,9,1,0,37,196,106,0,1276,875,3,12,0,39,45,35,248,3,0,22,132,0,0,17,728,1,4,3,8,6,1278,1633,258,1220,32,84,87,219,0,0,18,60,172,582,3600,0,888,3,91,83,212,0,2069,239,102,622,4,3876,2,15,4107,124,38,0,20,8,39,619,0,7,3,10,1,0,249,4,482,42,485,463,282,17,73,316,2640,4,19,716,10,116,6,20,11,440,2,16,8,63,5,4,0,5,109,2,197,183,79,70,9,9,16,0,302,25,18,29,11,10,5,21,0,1,12,191,8,7,14,45,4,3477,573,22,312,15,167,13,66,46,0,8,831,0,754,6,0,7,170,2,263,620,24,234,14,25,188,1,9,1,0,2,229,0,0,2,127,224,1141,3,3,5,2,5,200,0,0,0,0,2,83,417,245,55,90,184,21,4524,9,0,0,25,168,1,1,0,2,473,13,22,10
BEN,3,2,1,0,0,10,8,0,0,22,13,0,1,39,0,27,9,1,6,0,2,1,0,0,0,20,0,3,0,1,2,26,27,9,14,22,27,10,12,1,0,7,1,1,3,39,0,15,1,8,2,10,0,18,6,12,8,1,110,5,6,40,3,33,0,7,1,4,9,0,1,2,1,0,0,4,1,2,12,18,9,9,8,6,8,18,1,8,15,2,23,1,5,0,8,0,2,3,9,1,3,1,0,8,0,3,10,2,13,0,0,5,0,10,0,12,3,6,0,0,10,1,0,9,9,0,6,8,31,0,34,10,3,9,6,16,6,11,15,0,2,9,0,13,2,0,0,7,0,6,8,7,12,5,20,7,0,1,0,1,0,8,0,0,0,6,2,16,0,2,1,2,15,8,0,0,0,0,1,11,12,9,23,15,5,4,56,0,0,0,2,9,0,0,0,1,32,8,2,5
BFA,2,1,1,0,0,2,3,0,0,22,12,0,1,45,27,0,9,3,0,0,0,0,0,0,0,9,0,0,0,0,2,37,42,2,4,25,18,12,9,0,0,2,0,2,3,48,0,23,0,3,0,8,0,13,1,11,8,0,164,0,9,64,2,44,0,14,2,14,2,0,0,1,2,0,0,2,2,2,8,6,2,3,0,0,3,22,0,0,9,1,20,2,4,0,11,0,0,2,0,3,0,0,0,3,0,2,5,2,6,0,0,10,0,4,2,32,0,3,0,1,7,3,0,9,0,0,0,18,21,0,24,7,4,5,0,2,0,6,4,0,2,3,0,6,3,0,0,2,0,4,3,3,2,6,48,3,1,2,0,0,1,2,0,0,0,3,2,18,1,0,2,5,21,8,0,0,0,0,0,3,5,7,21,20,2,1,84,0,0,0,3,11,1,0,0,0,30,9,1,3
BGD,6,3,1,0,0,19,26,1,1,261,18,1,0,35,9,9,0,2,5,0,5,3,0,0,3,37,0,16,3,0,2,126,49,18,136,10,13,9,25,0,0,7,3,4,8,113,0,37,1,10,3,40,0,37,9,16,22,5,53,5,2,243,5,18,0,6,0,15,13,0,1,4,1,1,1,10,0,9,40,141,22,28,8,10,18,49,3,11,308,3,27,5,12,1,129,0,7,7,8,0,2,1,0,20,0,7,7,3,8,0,2,5,1,17,2,12,4,10,0,4,16,0,0,11,264,0,5,1,22,0,70,33,35,29,13,90,7,20,44,0,5,24,0,13,5,0,0,9,0,11,19,11,104,7,8,37,2,0,2,1,1,12,0,0,0,9,6,66,0,2,3,0,4,43,0,0,0,0,0,8,36,24,22,12,10,5,454,1,0,0,7,34,0,0,0,0,46,11,2,11
BGR,0,0,9,0,0,8,91,179,0,139,255,83,0,248,1,3,2,0,1,0,14,185,0,0,2,243,1,3,0,1,0,138,321,93,239,1,2,3,194,0,0,1,4,115,304,544,0,138,2,8,28,122,0,366,120,0,174,1,403,0,1,403,187,4,0,0,0,0,295,0,0,1,0,0,1,181,0,283,7,169,149,124,4,8,116,427,1,1,174,15,6,2,0,0,144,3,3,0,9,0,0,0,0,97,0,140,8,59,82,0,2,1,0,131,41,1,5,0,9,4,2,0,0,1,180,0,0,0,9,0,203,130,1,113,5,121,1,14,3,0,1,355,0,251,4,6,1,105,0,188,325,0,101,3,1,13,0,1,0,0,0,258,0,0,0,133,126,186,0,0,3,0,0,113,0,0,0,0,1,15,270,194,2,3,147,2,472,9,0,0,7,8,0,0,0,0,109,2,0,1
BHR,2,2,0,0,0,33,5,0,0,20,5,0,0,3,6,0,5,1,0,0,0,0,0,0,1,13,0,0,0,0,0,20,12,5,13,4,5,3,8,0,0,7,1,0,2,10,0,6,1,14,1,28,0,10,4,8,7,0,17,5,0,32,1,6,0,0,0,1,9,0,0,0,0,0,1,0,0,0,6,30,17,10,16,5,6,11,0,14,10,1,6,1,0,0,11,1,24,0,14,0,4,1,0,7,0,1,5,0,7,0,0,0,0,8,1,0,0,3,0,1,2,0,0,4,34,0,5,0,7,0,13,7,2,15,30,15,6,7,8,0,3,6,0,5,0,1,0,30,0,5,9,5,58,6,0,8,0,0,0,0,0,8,0,0,0,7,0,9,0,0,1,0,3,3,0,0,0,0,0,19,18,8,7,4,4,5,50,0,0,0,1,8,0,0,0,2,10,5,1,2
BHS,0,0,0,0,0,0,1,0,0,4,0,0,0,0,0,0,0,0,0,0,0,0,1,1,0,3,1,0,0,0,0,8,1,0,0,0,0,0,1,0,0,0,2,0,0,3,0,0,0,0,1,0,0,4,0,0,0,0,0,0,0,7,0,0,0,0,0,0,0,0,0,0,0,0,0,0,0,0,0,0,0,0,0,0,0,0,2,0,2,0,0,0,0,0,1,0,0,0,0,0,0,0,0,1,0,0,0,0,0,0,0,0,0,4,0,0,0,0,0,0,0,0,0,0,1,0,0,0,0,0,1,0,0,0,0,0,0,1,0,0,0,0,0,1,0,0,0,0,0,0,0,0,0,0,0,0,0,0,0,0,0,0,0,0,1,0,0,1,0,0,0,0,0,1,0,0,0,0,2,0,0,0,0,0,0,0,24,0,0,0,1,0,0,0,0,0,1,0,0,0
BIH,0,0,9,0,0,4,9,1,0,13,29,0,0,22,2,0,5,14,0,0,0,5,0,0,2,11,0,2,0,2,0,16,29,7,12,4,4,0,5,0,0,0,3,8,27,59,0,13,0,5,5,8,0,35,12,0,12,2,34,0,1,46,7,4,0,0,0,0,21,0,2,1,0,0,1,140,0,22,4,7,14,6,1,5,16,56,3,5,12,3,4,2,0,0,7,3,3,0,9,0,1,0,0,0,0,14,5,13,6,0,2,0,0,11,19,0,6,3,20,2,2,0,0,0,6,0,0,0,8,0,27,19,3,7,1,5,3,4,5,0,1,27,0,18,2,0,0,1,0,27,17,0,6,1,1,6,0,1,0,0,0,174,0,0,0,16,55,26,0,3,1,0,0,5,0,0,0,0,1,9,37,6,3,4,6,1,72,1,0,0,6,5,0,0,0,0,8,1,0,1
BLR,0,0,4,0,0,1,125,226,0,143,234,129,0,132,1,0,3,185,0,0,5,0,0,0,2,234,0,2,0,1,0,148,255,123,253,1,1,0,221,0,0,0,1,102,246,344,0,142,0,2,29,101,0,289,113,1,123,0,290,0,0,296,223,1,0,0,0,0,238,0,0,1,0,0,1,107,0,229,4,119,109,109,1,4,132,270,0,7,135,12,0,1,1,0,118,0,0,0,1,0,0,0,0,96,0,130,0,39,121,0,14,1,0,103,2,0,2,0,1,2,0,0,0,1,219,0,0,0,2,0,152,143,0,103,1,100,1,3,1,0,1,315,1,249,2,6,0,98,0,134,524,0,97,1,0,11,0,1,0,0,0,233,0,0,0,137,131,156,0,0,0,0,0,105,0,0,0,0,1,2,244,228,1,2,169,0,298,8,0,0,2,9,0,0,0,0,134,1,0,0
BLZ,0,0,0,0,0,0,0,0,0,4,0,0,0,0,0,0,0,0,0,1,0,0,0,1,0,3,2,0,0,0,0,4,1,1,1,0,0,0,0,0,0,3,4,0,0,1,0,0,1,0,2,0,0,3,0,0,0,0,2,0,0,9,0,0,0,0,0,1,1,1,0,1,0,0,1,0,0,0,0,1,0,0,0,1,1,1,1,0,3,0,1,0,0,0,0,0,0,0,0,0,0,0,0,0,0,0,0,0,0,0,0,0,0,4,0,0,0,0,0,0,0,0,0,1,0,0,0,0,1,1,2,0,0,0,0,1,2,1,0,0,1,0,0,1,1,0,0,0,0,1,2,0,2,0,0,0,0,0,1,0,0,0,0,0,1,0,0,0,0,0,0,0,0,1,0,0,0,0,0,0,0,0,0,1,1,2,13,0,0,0,1,1,0,0,1,0,1,0,0,0
BMU,0,0,0,0,0,0,1,0,0,5,0,0,0,0,0,0,0,0,0,1,0,0,1,0,0,2,1,0,0,0,0,5,1,0,2,0,0,0,0,0,0,0,1,0,0,5,0,1,0,0,0,0,0,0,0,0,0,0,2,0,0,7,0,0,0,0,0,0,1,0,0,0,0,0,0,0,0,0,0,0,2,0,0,0,0,1,0,0,2,0,0,0,0,0,0,0,0,0,0,0,0,0,0,0,0,0,0,0,0,0,0,0,0,1,0,0,0,0,0,0,0,0,0,0,0,0,0,0,0,0,3,3,0,1,0,0,0,0,0,0,0,1,0,0,0,0,0,0,0,0,0,0,1,0,0,0,0,0,0,0,0,0,0,0,0,0,0,1,0,0,0,0,0,0,0,0,0,0,0,0,0,0,0,0,0,0,34,0,0,0,0,0,0,0,0,0,2,0,0,0
BOL,0,0,0,0,0,1,40,0,0,13,4,1,0,17,0,0,3,2,1,0,2,2,0,0,0,54,0,0,0,0,0,14,14,35,6,0,1,0,28,0,0,8,7,0,2,21,0,10,3,0,40,4,0,43,0,0,4,0,45,0,0,36,2,1,0,0,0,0,2,0,0,5,3,3,3,1,0,0,2,5,1,3,0,0,2,13,0,0,9,0,2,1,0,0,1,1,1,0,2,0,0,0,0,1,0,1,3,0,1,0,1,0,0,26,1,0,0,0,0,2,3,0,0,0,2,0,0,0,4,3,20,3,4,3,0,1,6,35,4,0,1,2,0,5,10,0,0,0,0,2,5,0,4,1,0,4,0,0,4,0,0,1,0,0,1,1,1,19,0,0,0,0,0,2,0,0,0,0,0,1,4,0,3,1,0,12,85,0,0,0,13,3,0,0,0,0,3,2,0,0
BRA,3,18,5,0,2,56,1047,268,0,1362,556,122,1,728,20,9,37,243,13,3,11,234,3,2,54,0,3,6,1,8,1,1723,1018,792,1079,14,55,13,825,0,8,93,213,116,516,2275,0,602,19,27,170,192,0,2545,141,20,402,4,2446,5,7,2985,236,35,0,4,4,5,455,1,2,30,26,4,14,216,12,415,66,732,361,273,15,29,324,1880,8,23,723,17,59,7,11,4,420,1,19,7,57,0,3,1,0,122,0,133,34,46,150,5,3,19,0,743,14,5,14,12,3,4,60,0,6,24,341,5,6,5,109,13,1148,417,16,273,39,295,51,311,60,0,13,675,0,1734,48,6,2,147,1,328,723,13,244,13,10,138,2,2,12,1,2,281,0,0,9,222,202,709,3,5,4,0,7,277,0,0,0,0,8,55,480,368,27,39,278,235,7183,11,4,0,125,94,0,0,1,3,547,19,1,29
BRB,0,1,0,0,0,0,1,0,1,5,0,0,0,1,0,0,0,1,0,1,0,0,2,1,0,3,0,0,0,0,0,14,2,1,2,0,0,0,1,0,0,0,1,0,0,7,0,1,1,0,0,2,0,1,0,0,2,0,4,0,0,25,0,3,0,0,2,0,1,1,0,1,0,1,1,0,0,0,1,7,2,1,0,0,2,4,6,0,0,0,1,0,0,2,0,0,0,0,1,0,0,0,0,0,0,0,0,0,0,0,0,0,0,3,0,0,0,0,0,0,0,0,0,0,1,0,1,0,2,0,7,0,0,0,0,1,0,0,0,0,0,1,0,2,0,0,1,1,0,0,0,0,1,0,0,1,0,0,1,0,0,0,0,0,0,0,0,1,0,0,1,0,0,0,0,0,0,0,5,1,2,3,0,2,0,0,40,0,0,0,1,1,0,0,0,0,8,0,0,0
BRN,0,0,2,0,0,3,5,2,0,32,7,0,0,4,3,0,16,3,0,0,2,2,0,0,0,6,0,0,0,1,0,15,7,4,32,1,3,0,5,0,0,0,0,0,6,25,0,5,1,0,1,7,0,7,6,2,5,2,13,0,0,35,4,4,0,0,0,0,6,0,0,2,0,0,0,6,0,6,13,15,7,3,5,0,2,9,1,1,13,1,1,1,4,0,20,0,0,0,1,0,1,0,0,10,0,2,0,1,2,0,0,0,0,6,0,0,2,1,0,1,2,0,0,3,56,0,0,0,4,0,7,5,0,8,4,5,0,4,6,0,2,1,0,4,2,0,0,3,0,4,6,1,11,3,0,26,0,1,0,1,0,2,0,0,0,0,2,12,0,0,0,0,0,7,0,0,0,0,1,1,8,16,2,1,1,0,34,1,0,0,1,12,1,0,0,0,8,2,0,0
BTN,2,0,0,0,0,1,1,0,0,26,2,0,0,3,0,0,3,0,0,0,0,0,0,0,0,1,0,0,0,0,0,1,3,1,5,1,1,0,0,0,0,1,0,0,0,5,0,2,0,0,1,0,0,0,0,0,0,0,6,0,0,7,0,0,0,0,0,0,0,0,0,1,0,0,1,0,0,0,4,7,1,0,0,0,0,3,0,0,7,2,1,1,2,0,0,0,0,0,0,0,1,0,0,1,0,0,0,0,1,0,0,1,1,1,0,0,0,0,0,1,0,0,0,0,0,0,0,0,0,1,4,1,5,2,0,3,1,1,0,0,0,1,0,1,0,0,0,0,0,0,1,2,1,0,0,2,1,0,1,0,0,0,0,0,0,0,0,3,0,0,0,0,0,8,1,0,0,0,0,0,1,0,0,0,1,0,27,1,0,0,0,4,0,0,0,0,1,0,0,0
BWA,0,0,1,0,0,3,1,0,0,23,12,0,0,8,1,0,0,1,0,0,2,1,0,0,0,8,0,1,0,0,0,26,11,5,6,1,7,1,1,0,0,0,0,0,2,16,0,7,1,0,2,2,0,18,4,24,5,0,20,0,0,52,1,5,0,0,0,0,1,0,0,0,0,0,0,3,1,7,2,18,2,1,1,1,2,13,0,1,7,0,18,0,0,0,2,0,0,0,2,0,0,0,0,2,2,0,0,1,2,0,0,0,0,1,0,1,0,0,0,1,2,0,2,7,2,8,0,1,13,0,10,4,0,3,0,2,0,1,0,0,2,2,0,1,1,0,0,1,0,1,2,2,3,2,0,5,0,2,0,0,1,1,0,0,0,1,2,9,2,0,1,0,0,4,0,0,0,0,1,2,6,3,9,10,0,0,156,0,0,0,1,1,0,1,0,0,122,14,0,14
CAF,2,1,0,0,0,0,0,0,0,4,1,0,0,6,2,2,2,0,0,0,0,0,0,0,0,1,0,0,0,0,0,6,4,0,5,4,10,10,1,0,0,0,0,0,7,6,0,0,0,0,0,0,0,1,0,1,0,0,27,0,5,8,0,0,0,0,3,0,0,0,0,0,5,0,0,0,0,1,1,1,0,1,0,0,1,1,0,0,4,0,0,0,1,0,0,0,0,1,0,0,0,0,0,0,0,0,1,0,0,0,0,2,0,1,0,1,0,1,0,0,0,0,0,0,0,0,0,1,1,0,2,1,1,0,0,1,0,1,1,0,1,1,0,0,0,0,0,0,0,0,1,2,0,0,3,0,1,0,0,0,1,0,0,0,0,0,0,1,0,0,0,0,1,2,0,0,0,0,0,0,0,1,0,3,0,0,14,0,0,0,0,1,0,0,0,0,1,1,2,0
CAN,9,4,11,1,0,326,519,137,1,3859,941,127,2,1278,26,37,126,138,20,8,16,148,4,5,14,1723,14,15,1,26,6,0,2094,648,6593,35,44,29,388,0,0,52,41,67,573,4462,0,1255,13,88,53,477,9,2157,103,60,767,11,4379,5,12,6769,141,77,0,8,5,10,465,2,30,19,7,6,3,101,11,401,82,1105,597,939,27,102,918,2642,29,81,1749,27,189,12,19,9,992,4,59,13,126,11,14,2,1,61,1,64,68,50,221,7,6,11,0,640,27,14,32,12,7,16,26,0,7,40,417,9,10,4,107,2,2443,1008,26,760,57,295,44,92,65,2,6,919,0,592,7,7,8,188,4,279,838,32,765,17,24,525,2,12,2,1,3,227,0,0,2,229,229,1617,2,5,14,1,6,233,1,0,0,0,38,135,603,605,55,124,99,52,19520,2,3,0,37,91,0,0,0,8,959,20,5,23
CHE,5,7,17,0,0,47,362,273,0,1834,1790,128,2,1633,27,42,49,321,12,1,29,255,1,1,14,1018,2,7,3,11,4,2094,0,479,1633,59,48,52,383,0,1,26,65,148,857,7949,1,1273,5,32,58,216,0,2616,240,52,901,6,4826,5,14,5657,258,76,0,21,9,16,832,1,4,7,12,1,0,319,3,610,83,752,552,305,16,77,578,3940,13,29,1235,21,144,18,27,5,591,3,24,19,63,10,5,1,29,118,5,212,108,81,162,10,17,27,2,402,22,23,25,14,11,13,31,1,3,40,318,8,9,7,90,2,2697,873,39,384,22,244,26,127,78,0,17,1192,0,799,14,7,1,179,0,458,996,34,313,25,33,297,4,19,1,2,1,377,0,0,3,314,342,1684,4,16,4,9,12,285,1,0,0,0,4,53,583,470,91,83,295,26,8215,10,1,0,30,119,0,0,1,6,752,34,8,25
CHL,1,3,1,0,0,32,603,132,0,687,244,120,0,258,9,2,18,93,5,0,7,123,1,0,35,792,1,4,1,5,0,648,479,0,418,9,17,5,410,0,0,50,43,20,194,1171,0,317,14,19,85,31,0,1754,27,11,154,2,1068,4,1,1210,128,15,0,0,1,2,223,2,4,15,1,0,15,30,4,177,21,193,85,64,4,24,225,737,6,12,377,6,25,4,2,1,149,1,8,2,30,0,2,0,0,12,0,25,14,14,143,1,0,6,0,447,5,0,6,7,2,2,12,0,0,6,165,2,4,0,25,4,462,257,3,117,6,36,22,160,26,0,3,280,0,294,20,6,2,30,1,177,295,6,75,5,2,43,0,1,8,1,0,152,0,0,2,150,150,354,0,3,3,0,3,44,0,0,0,0,1,19,212,192,10,17,40,87,2367,1,16,0,77,27,0,1,1,0,329,7,0,8
CHN,5,4,3,0,0,170,326,275,0,8600,969,127,2,1220,14,4,136,239,13,0,12,253,1,2,6,1079,2,32,5,6,5,6593,1633,418,0,18,51,20,422,2,3,22,63,131,683,6158,0,1354,7,74,70,516,8,1943,199,44,978,6,3740,5,4,9422,248,131,0,4,2,5,589,2,6,8,2,0,2,253,1,578,170,1501,663,540,60,76,682,2280,6,41,5896,82,145,14,26,5,3314,2,33,8,73,2,3,1,1,163,0,165,48,54,162,3,6,12,1,492,26,8,13,41,3,47,13,0,14,30,800,6,7,5,161,3,2276,820,93,821,56,1410,32,107,221,0,14,974,59,708,11,9,1,357,0,459,1583,27,1542,99,7,3862,1,24,4,1,2,346,0,0,3,259,280,2095,2,5,6,0,10,789,8,0,0,0,5,57,729,3005,43,39,330,40,40900,32,2,0,42,342,2,2,1,7,682,29,3,22
CIV,3,4,1,0,0,5,8,0,0,16,15,0,2,32,22,25,10,1,4,0,4,1,0,0,0,14,0,1,1,1,4,35,59,9,18,0,22,19,11,0,0,6,3,2,6,50,0,13,0,8,5,8,0,17,7,14,9,2,118,4,10,50,3,24,0,14,1,6,9,0,2,2,2,0,1,3,2,4,14,16,9,9,3,6,9,18,3,8,12,2,25,3,1,0,9,0,3,2,11,3,1,1,0,7,0,3,10,3,14,0,1,7,0,10,0,12,2,8,0,3,7,2,0,9,9,2,6,6,26,1,22,9,5,10,3,9,8,10,13,0,3,8,0,11,2,0,0,8,0,10,8,9,7,2,21,9,1,2,2,0,1,8,0,0,0,8,3,14,1,3,0,6,16,14,0,0,0,0,1,10,9,9,14,17,5,3,70,0,0,0,4,15,0,0,0,0,25,10,3,3
CMR,2,3,1,0,0,7,14,0,0,44,16,0,4,84,27,18,13,2,5,0,4,1,0,0,1,55,0,3,1,7,10,44,48,17,51,22,0,25,17,0,0,11,3,2,14,103,0,19,1,12,8,13,0,33,10,13,15,2,241,5,24,111,5,37,0,4,0,6,16,0,2,4,6,0,1,5,0,11,21,51,12,14,7,9,15,90,4,10,35,2,47,1,5,0,16,0,4,2,13,3,2,1,0,8,0,6,9,4,22,0,1,8,0,14,0,11,4,9,0,0,12,1,2,10,19,3,7,8,50,1,35,18,4,21,7,17,11,18,14,0,5,12,0,22,2,0,1,6,0,22,16,9,19,6,25,13,1,3,1,1,1,10,0,0,1,10,3,20,1,4,1,8,10,21,0,0,0,0,4,15,22,11,21,23,6,4,158,0,0,0,6,19,0,0,0,0,104,12,7,5
COD,5,5,0,0,0,5,5,0,0,21,8,0,6,87,10,12,9,3,3,0,0,0,0,0,0,13,0,0,0,1,10,29,52,5,20,19,25,0,6,0,2,5,1,2,3,51,0,12,0,6,4,11,0,10,4,11,6,0,68,3,10,51,2,22,0,7,1,8,5,0,0,1,1,0,0,2,2,4,13,24,7,7,3,3,6,15,1,3,17,2,25,3,6,0,6,0,1,2,3,5,0,0,0,3,0,3,7,3,5,0,1,4,0,7,2,9,0,4,0,1,8,1,0,11,6,2,3,4,32,0,19,14,7,8,1,11,7,9,9,0,4,6,0,7,2,0,0,3,0,6,7,18,6,9,13,6,1,2,0,0,2,5,0,0,1,5,2,15,0,0,2,4,11,6,0,0,0,0,0,8,6,3,17,24,4,3,149,0,0,0,2,10,0,0,0,1,33,19,5,6
COL,4,2,4,0,0,28,372,218,1,369,281,119,0,219,12,9,25,194,8,1,5,221,0,0,28,825,1,5,0,1,1,388,383,410,422,11,17,6,0,0,0,67,48,112,277,587,0,214,12,12,124,124,0,1127,113,18,161,2,613,5,2,693,251,20,0,1,1,4,271,0,2,25,6,4,9,113,2,241,25,211,199,150,13,15,163,515,9,16,211,3,42,3,7,0,176,1,7,3,28,0,2,1,0,111,0,119,14,37,129,1,0,6,0,530,4,3,5,11,0,1,15,0,0,11,262,1,6,1,35,7,377,196,9,153,8,138,58,120,56,0,8,356,0,345,19,7,3,107,1,208,342,12,129,8,3,54,1,1,14,1,1,236,0,0,2,140,142,250,0,3,2,0,5,147,0,0,0,0,3,14,275,255,18,17,178,52,1476,6,2,0,140,80,0,0,0,0,211,9,2,13
COM,0,0,0,0,0,0,0,0,0,1,0,0,0,0,1,0,0,0,0,0,0,0,0,0,0,0,0,0,0,0,0,0,0,0,2,0,0,0,0,0,0,0,0,0,0,1,0,0,0,0,0,0,0,0,0,0,0,0,7,0,0,1,0,0,0,0,1,0,0,0,0,0,0,0,0,0,0,0,0,0,0,0,0,0,0,1,0,0,0,0,1,0,0,0,0,0,0,0,0,0,0,0,0,0,0,0,0,0,0,0,0,2,0,0,0,0,0,0,0,0,0,0,1,0,0,0,0,0,0,0,0,0,0,0,0,0,0,0,0,0,0,0,0,0,0,0,0,0,3,0,0,0,0,0,1,0,0,0,0,0,0,0,0,0,0,0,0,0,0,0,0,0,0,0,0,0,0,0,0,0,0,0,1,0,0,0,1,0,0,0,0,0,0,0,0,0,0,0,0,0
CPV,0,0,0,0,0,0,1,0,0,0,0,0,0,0,0,0,0,0,0,0,0,0,0,0,0,8,0,0,0,0,0,0,1,0,3,0,0,2,0,0,0,0,0,0,0,7,0,2,0,0,0,0,0,9,0,0,0,0,1,0,0,3,0,1,0,1,1,0,0,0,0,0,0,0,0,0,0,0,0,1,2,0,0,0,0,3,0,0,0,0,0,0,0,0,0,0,0,0,0,1,0,0,0,0,0,0,0,0,1,0,0,0,0,0,0,0,0,0,0,0,0,0,0,0,0,0,0,0,0,0,1,1,0,0,0,0,0,0,0,0,0,0,0,14,0,0,0,0,0,0,1,0,0,0,0,0,0,0,0,0,0,0,0,0,1,0,1,1,0,0,0,1,1,0,0,0,0,0,0,0,0,0,0,0,0,0,4,0,0,0,0,0,0,0,0,0,1,0,0,0
CRI,2,3,1,0,0,8,46,1,0,38,19,0,0,18,7,2,7,1,7,0,0,0,3,0,8,93,0,0,1,0,0,52,26,50,22,6,11,5,67,0,0,0,7,1,4,70,0,24,7,5,23,8,0,116,7,6,13,0,73,5,1,87,2,8,0,1,1,2,15,0,0,16,1,0,10,1,0,3,11,21,11,12,4,5,10,42,1,6,18,2,9,2,0,0,13,1,1,1,10,0,1,1,0,9,0,1,7,1,7,1,1,4,0,69,1,2,1,3,0,2,2,0,1,4,12,0,5,0,7,22,45,14,2,17,2,9,30,25,10,0,5,14,0,14,5,0,0,6,0,4,14,6,14,2,0,10,0,0,14,0,0,7,0,0,1,7,2,18,0,0,0,0,3,12,0,0,0,0,4,5,11,15,8,6,6,14,267,1,0,0,16,9,1,0,0,0,19,6,1,2
CUB,0,4,0,0,0,1,43,38,0,12,45,0,1,60,1,0,3,4,1,2,3,1,4,1,7,213,1,0,0,0,0,41,65,43,63,3,3,1,48,0,0,7,0,2,44,90,0,42,11,3,119,4,0,225,6,2,42,2,94,0,0,96,0,3,0,1,4,0,49,0,2,4,0,1,2,42,1,42,16,51,4,6,0,2,4,92,7,5,52,0,3,0,1,1,41,1,4,0,4,0,0,0,0,1,0,4,5,2,4,1,0,0,0,205,1,0,2,4,0,1,4,0,0,0,8,0,0,1,7,5,49,52,4,5,0,44,10,61,4,0,1,49,0,19,4,0,0,1,0,43,47,1,14,1,0,5,0,0,7,0,0,8,0,0,0,44,4,50,0,3,0,0,0,45,0,0,0,0,2,5,44,5,2,3,40,13,123,0,0,0,33,11,0,0,0,1,47,0,0,0
CYP,0,0,3,0,0,13,7,98,0,56,133,2,0,172,1,2,4,115,0,0,8,102,0,0,0,116,0,0,0,0,0,67,148,20,131,2,2,2,112,0,0,1,2,0,130,269,0,46,0,6,26,116,0,224,121,0,144,2,205,0,0,405,104,3,0,0,0,0,429,0,1,0,0,0,0,125,0,131,4,126,139,119,1,8,49,250,2,9,31,8,4,2,0,0,119,0,4,1,10,0,3,0,0,98,0,124,9,34,6,2,1,1,0,105,5,0,17,2,1,1,4,0,0,0,109,0,0,0,2,0,116,39,1,106,3,114,2,4,5,0,0,147,0,137,2,1,0,100,0,44,128,0,108,0,0,14,0,0,0,0,0,130,0,0,0,20,29,80,0,2,4,0,0,110,0,0,0,0,0,4,245,113,2,3,107,0,308,6,0,0,5,6,0,0,0,0,23,0,0,0
CZE,0,0,10,0,0,15,230,265,0,520,835,121,0,582,3,3,8,304,2,0,27,246,0,0,2,516,0,6,0,2,7,573,857,194,683,6,14,3,277,0,0,4,44,130,0,1901,0,460,2,33,49,167,0,1064,192,9,425,3,1328,0,3,1415,236,11,0,0,0,0,491,0,2,5,1,0,2,284,0,557,22,391,235,176,8,32,289,1196,6,8,557,13,16,5,1,0,341,0,11,0,15,0,0,0,1,96,0,181,28,77,132,2,8,2,0,238,27,1,12,4,7,4,6,0,1,0,305,2,1,0,14,0,719,416,4,170,7,175,11,61,12,0,6,1087,0,462,5,7,1,117,0,313,813,1,170,2,4,106,0,2,1,1,0,353,0,0,1,986,329,683,0,3,7,0,0,177,0,0,0,0,1,21,441,333,9,8,281,8,1964,14,1,0,20,28,0,0,1,1,302,2,0,1
DEU,7,13,19,1,2,194,825,320,0,4546,5148,151,2,3600,39,48,113,544,10,3,59,344,1,5,21,2275,7,25,5,16,6,4462,7949,1171,6158,50,103,51,587,1,7,70,90,269,1901,0,0,3172,7,97,154,798,1,6347,448,111,2122,7,9225,6,50,13604,296,115,0,16,5,15,1653,8,12,16,9,5,4,580,1,1377,244,1910,1218,797,68,199,1666,7916,13,127,3416,74,229,30,20,5,1603,10,40,17,114,12,9,1,37,134,2,348,315,170,230,19,63,36,0,871,76,20,47,18,11,37,26,1,11,30,500,43,22,9,138,7,7266,1998,48,824,70,501,80,140,123,0,15,2898,6,1676,17,8,2,268,6,924,3637,30,882,44,39,697,1,12,4,0,1,607,0,0,2,580,625,4348,3,8,30,3,15,473,6,0,0,0,7,118,1247,866,108,71,751,78,20580,52,10,0,70,314,4,1,0,14,1256,29,6,16
DJI,0,0,0,0,0,0,0,0,0,0,0,0,0,0,0,0,0,0,0,0,0,0,0,0,0,0,0,0,0,0,0,0,1,0,0,0,0,0,0,0,0,0,0,0,0,0,0,0,0,0,0,2,0,1,0,1,0,0,9,0,0,1,0,0,0,0,0,0,0,0,0,0,0,0,0,0,0,0,0,0,0,0,0,0,0,1,0,0,0,0,0,0,0,0,0,0,0,0,0,0,0,0,0,0,0,0,0,0,0,0,0,0,0,0,0,0,0,0,0,0,0,0,0,0,0,0,0,0,0,0,0,0,0,0,0,0,0,0,0,0,0,0,0,0,0,0,0,0,0,0,0,0,0,0,0,0,0,0,0,0,0,0,0,0,0,0,0,0,0,0,0,0,0,0,0,0,0,0,0,1,0,0,0,1,0,0,4,0,0,0,0,0,0,0,0,1,0,0,0,0
DNK,2,2,8,0,0,39,232,165,0,1360,696,122,1,888,15,23,37,138,6,0,13,142,0,1,10,602,1,5,2,7,0,1255,1273,317,1354,13,19,12,214,0,2,24,42,46,460,3172,0,0,1,17,21,59,0,1529,150,42,904,6,1815,5,4,3608,137,57,0,37,0,11,528,1,84,6,2,0,1,147,1,381,53,342,349,156,11,211,387,1782,5,15,667,10,66,6,16,15,294,0,14,6,29,0,2,1,5,18,1,101,59,71,140,3,9,5,0,182,17,7,24,9,6,7,15,1,0,16,257,8,7,4,34,0,1907,1506,18,221,18,101,20,68,39,0,6,710,0,545,3,7,1,65,0,320,514,10,114,9,17,209,0,0,0,0,0,217,0,0,1,247,255,2324,0,4,3,0,5,137,1,0,0,0,2,17,356,227,75,52,98,26,4364,4,0,0,16,53,0,2,0,0,456,22,1,15
DOM,0,1,0,0,0,1,11,0,1,2,6,0,0,3,1,0,1,2,1,0,0,0,1,0,3,19,1,1,0,1,0,13,5,14,7,0,1,0,12,0,0,7,11,0,2,7,0,1,0,0,4,4,0,37,0,1,2,0,10,0,0,15,0,1,0,0,0,0,2,1,0,5,0,0,3,1,2,0,2,4,2,1,1,0,2,6,1,0,2,0,0,0,1,2,0,1,1,0,1,0,1,1,0,2,0,2,1,0,1,0,0,0,0,20,1,0,1,0,0,1,1,0,0,1,3,0,0,0,3,4,4,1,1,2,1,3,7,9,1,0,1,1,0,2,7,0,0,1,0,2,2,1,2,2,0,2,0,0,5,1,0,1,0,0,0,1,0,3,0,0,0,0,0,2,0,0,0,0,0,1,4,0,1,1,0,9,70,0,0,0,9,2,0,0,0,0,1,0,0,0
DZA,1,2,1,0,0,53,14,1,0,29,26,1,0,91,8,3,10,8,14,0,5,2,0,0,0,27,0,0,0,0,0,88,32,19,74,8,12,6,12,0,0,5,3,6,33,97,0,17,0,0,7,52,0,183,12,7,24,2,1272,5,0,99,5,7,0,1,3,1,21,0,2,0,0,0,0,11,0,15,8,79,28,33,9,8,22,135,4,25,33,2,9,4,2,0,29,0,3,0,24,0,2,1,0,5,0,10,12,6,92,0,1,0,0,17,4,0,5,6,1,0,7,1,1,4,67,0,5,0,12,0,29,22,10,8,14,42,8,11,10,0,2,31,0,50,2,7,0,18,2,25,29,5,171,2,7,11,0,0,1,0,0,18,0,0,0,19,12,27,0,3,5,0,3,7,1,0,0,0,0,95,89,14,8,8,21,4,126,0,0,0,7,14,0,0,0,1,44,5,1,2
ECU,0,0,1,0,0,6,77,24,0,49,41,1,0,83,2,0,3,28,1,1,5,29,2,0,40,170,0,1,1,2,0,53,58,85,70,5,8,4,124,0,0,23,119,26,49,154,0,21,4,7,0,33,0,472,31,1,41,2,113,0,2,133,25,6,0,0,2,1,38,1,2,12,4,4,7,32,1,32,9,69,44,35,0,2,7,94,5,4,30,2,10,1,1,0,46,1,4,1,8,0,0,0,0,28,0,33,3,29,8,0,0,4,0,157,1,1,2,3,0,2,5,0,0,2,41,0,1,1,9,7,69,17,4,37,0,31,20,67,9,0,1,48,0,79,13,0,0,27,0,16,49,0,19,3,0,7,0,2,6,0,1,30,0,0,3,7,6,36,0,3,0,0,1,37,0,0,0,0,3,6,39,32,8,10,38,15,369,4,0,0,106,18,0,0,1,0,25,2,0,0
EGY,4,2,4,0,0,164,36,98,0,190,198,8,1,212,10,8,40,122,28,0,8,101,0,0,4,192,2,7,0,2,0,477,216,31,516,8,13,11,124,0,0,8,4,116,167,798,2,59,4,52,33,0,1,346,113,18,179,2,387,5,0,672,113,26,0,0,0,1,176,1,2,2,0,0,2,127,0,142,28,371,156,209,49,8,50,385,3,54,504,12,37,4,1,1,333,3,94,0,101,3,58,1,1,111,0,114,11,37,55,0,3,1,0,165,8,1,7,6,3,6,11,1,3,9,249,3,5,1,53,0,133,61,8,154,61,238,9,20,32,0,3,204,0,166,5,4,1,266,0,42,217,8,3280,44,4,41,0,1,1,1,0,126,0,0,0,27,18,120,0,3,17,1,3,145,2,0,0,0,1,75,285,159,15,14,123,9,1535,8,0,0,8,42,0,1,0,62,96,9,1,4
ERI,0,0,0,0,0,0,0,0,0,1,0,0,0,0,0,0,0,0,0,0,0,0,0,0,0,0,0,0,0,0,0,9,0,0,8,0,0,0,0,0,0,0,0,0,0,1,0,0,0,0,0,1,0,1,0,2,0,0,3,0,0,3,0,0,0,0,0,0,0,0,0,0,0,0,0,0,0,0,0,6,0,0,0,0,0,3,0,0,0,0,0,0,0,0,0,0,0,0,0,0,0,0,0,0,0,0,0,0,0,0,0,0,0,0,0,0,0,0,0,0,0,0,0,1,2,0,0,0,0,0,2,0,0,0,2,0,0,0,0,0,0,0,0,2,0,0,0,0,0,0,0,0,0,1,0,0,0,0,0,0,0,0,0,0,0,0,0,0,0,0,0,0,0,0,0,0,0,0,0,0,0,0,1,0,0,0,1,0,0,0,0,0,0,0,0,4,3,0,0,0
ESP,5,12,15,14,2,98,1230,279,0,2126,1403,129,1,2069,18,13,37,366,10,4,35,289,3,0,43,2545,1,7,0,18,1,2157,2616,1754,1943,17,33,10,1127,0,9,116,225,224,1064,6347,1,1529,37,183,472,346,1,0,329,47,1152,9,5843,5,10,7536,261,34,5,8,10,13,1239,0,4,30,2,2,6,393,3,785,67,869,825,455,29,123,751,5962,7,37,1414,21,77,6,8,8,687,2,34,4,83,0,6,1,3,111,1,273,117,106,345,13,22,7,1,1756,53,10,47,8,13,7,62,0,6,12,410,6,17,1,51,17,3081,1192,9,383,38,253,43,247,51,0,21,1637,0,2772,32,13,8,192,4,654,1334,9,600,8,21,271,1,7,13,2,0,461,0,0,2,377,449,2113,1,8,9,1,4,291,0,0,0,0,3,318,804,545,46,29,382,162,9261,26,6,0,191,108,2,1,0,2,711,13,4,8
EST,1,3,5,0,0,9,22,105,0,98,204,2,0,239,6,1,9,120,4,0,12,113,0,0,0,141,0,6,0,4,0,103,240,27,199,7,10,4,113,0,0,7,6,121,192,448,0,150,0,12,31,113,0,329,0,6,454,2,296,4,0,457,106,10,0,1,0,2,160,0,2,0,0,0,0,143,0,178,14,148,157,118,5,44,46,305,5,9,54,6,13,4,0,0,133,0,7,0,15,0,2,1,2,103,0,174,12,115,11,1,3,1,0,118,8,0,11,5,5,1,4,0,0,3,116,1,4,0,11,0,180,128,3,133,4,114,7,17,14,0,5,245,0,157,2,0,0,107,0,58,246,4,110,1,1,30,0,1,0,1,0,131,0,0,1,46,53,306,0,4,1,0,3,110,0,0,0,0,1,11,143,116,9,10,131,4,420,8,0,0,6,13,1,0,0,1,34,5,1,3
ETH,6,4,0,0,0,17,11,0,0,75,35,0,2,102,12,11,16,0,8,0,0,1,0,0,0,20,0,2,0,24,1,60,52,11,44,14,13,11,18,0,0,6,2,0,9,111,1,42,1,7,1,18,2,47,6,0,18,3,63,5,2,194,4,37,0,4,0,10,10,0,0,3,4,0,0,2,2,7,17,147,14,23,7,8,10,49,0,13,36,3,78,3,4,0,35,0,2,6,13,1,5,1,0,12,0,2,9,0,8,0,1,4,0,17,0,13,2,6,0,2,13,0,0,26,20,8,5,6,47,1,107,76,12,21,10,27,5,17,17,0,4,8,0,11,2,1,0,9,0,6,15,16,27,18,15,11,1,1,1,1,1,7,0,0,0,10,0,66,7,0,1,5,5,14,1,0,0,0,2,8,17,15,30,46,5,5,331,2,0,0,0,21,0,0,0,6,130,16,1,18
FIN,3,4,4,0,0,30,70,140,0,697,578,1,0,622,8,8,22,174,7,0,12,123,0,0,4,402,2,5,0,5,0,767,901,154,978,9,15,6,161,0,0,13,42,144,425,2122,0,904,2,24,41,179,0,1152,454,18,0,3,1315,5,1,2242,117,31,0,3,0,4,461,2,6,2,2,1,0,244,0,359,47,449,346,224,13,150,185,1294,8,19,556,16,41,6,4,0,367,0,23,2,32,0,8,1,3,109,0,218,44,107,21,4,7,2,0,237,19,1,17,7,6,10,12,0,1,25,195,3,5,3,28,1,1112,822,14,243,12,206,12,62,24,0,3,666,1,393,7,3,1,156,0,175,896,7,195,4,4,144,0,3,1,2,0,180,0,0,3,135,111,1855,2,5,3,0,3,179,0,0,0,0,1,19,298,215,20,19,211,15,2611,9,0,0,15,33,0,0,0,1,305,9,1,3
FJI,0,1,0,0,0,0,2,0,0,85,3,0,0,4,1,0,5,1,0,0,2,0,0,0,0,4,0,2,0,0,0,11,6,2,6,2,2,0,2,0,0,0,2,2,3,7,0,6,0,2,2,2,0,9,2,3,3,0,10,2,0,41,0,2,0,0,0,0,4,0,1,0,0,0,0,2,0,3,3,21,5,2,0,2,2,7,2,2,13,0,4,0,0,0,10,0,2,0,2,0,0,0,0,2,0,2,2,1,2,0,0,1,0,2,0,0,2,3,0,0,3,0,1,0,4,0,3,0,3,0,4,3,1,21,0,4,2,2,4,0,1,2,0,10,0,0,4,0,0,2,2,1,2,0,0,3,5,0,0,0,0,2,0,0,0,2,2,4,0,2,0,0,0,2,0,0,0,0,0,2,3,3,3,2,0,0,37,0,0,0,2,5,4,0,1,0,5,0,0,0
FRA,9,7,21,1,0,151,729,320,1,3166,1802,134,5,3876,110,164,53,403,17,0,34,290,2,2,45,2446,4,13,6,20,27,4379,4826,1068,3740,118,241,68,613,7,1,73,94,205,1328,9225,9,1815,10,1272,113,387,3,5843,296,63,1315,10,0,5,60,9639,268,62,1,39,124,16,1341,2,7,17,85,7,4,419,13,919,157,1351,897,459,41,168,1012,7309,9,45,2603,42,128,11,71,2,989,6,27,41,474,6,20,1,8,117,2,266,293,110,829,88,27,85,0,902,34,56,46,16,16,13,32,22,17,34,470,14,126,50,83,1,4031,1387,25,574,28,394,31,181,90,1,16,2010,0,1583,14,8,78,271,65,1033,2266,21,682,22,221,520,5,7,3,2,1,462,0,0,9,408,460,2664,8,17,26,12,47,463,2,0,0,0,14,1565,872,713,52,58,544,99,13751,18,3,0,89,361,22,0,1,11,1081,21,7,44
FSM,1,2,0,0,0,5,3,0,0,8,5,0,0,2,5,0,5,0,5,0,0,0,0,0,0,5,0,0,0,0,0,5,5,4,5,4,5,3,5,0,0,5,0,0,0,6,0,5,0,5,0,5,0,5,4,5,5,2,5,0,0,5,1,5,0,0,0,1,5,0,0,0,0,0,0,0,0,1,5,6,5,5,4,5,5,5,0,5,6,1,6,1,0,0,5,0,0,0,5,0,1,1,0,5,0,0,5,0,4,0,0,0,0,5,0,0,0,3,0,0,2,0,0,4,5,0,5,0,6,0,5,5,1,5,2,5,5,5,5,0,2,5,0,5,0,0,0,5,0,2,5,5,5,0,0,5,1,0,0,0,0,5,0,0,0,5,0,5,0,0,0,0,3,1,0,0,0,0,0,4,5,5,7,4,4,4,11,0,0,0,0,5,1,0,1,0,5,5,1,2
GAB,2,1,0,0,0,1,3,0,0,6,11,0,1,15,6,9,2,1,0,0,1,0,0,0,0,7,0,0,0,0,5,12,14,1,4,10,24,10,2,0,0,1,0,0,3,50,0,4,0,0,2,0,0,10,0,2,1,0,60,0,0,23,0,8,0,2,1,2,1,0,0,0,5,0,0,1,0,1,4,2,0,1,0,0,0,9,0,0,5,0,7,0,2,0,2,0,0,2,0,0,0,0,0,0,0,0,1,0,4,0,0,3,0,1,0,10,0,2,0,0,7,0,1,2,2,0,0,1,5,0,24,0,1,1,0,2,1,2,3,0,1,1,0,2,0,0,0,0,0,2,3,3,2,2,7,1,1,1,0,0,1,0,0,0,1,3,0,3,0,0,0,3,3,4,0,0,0,0,1,0,0,0,5,7,0,1,33,0,0,0,0,2,0,0,0,0,8,4,2,1
GBR,21,17,24,0,2,364,652,304,2,9276,2425,129,6,4107,40,64,243,403,32,7,46,296,9,7,36,2985,25,35,7,52,8,6769,5657,1210,9422,50,111,51,693,1,3,87,96,405,1415,13604,1,3608,15,99,133,672,3,7536,457,194,2242,41,9639,5,23,0,290,285,5,31,11,108,2314,16,17,32,16,9,2,525,6,1177,284,2407,2609,885,248,297,1401,9326,34,163,3482,94,500,18,64,12,1547,5,103,52,166,15,54,2,7,240,1,308,237,118,220,18,19,48,1,934,48,40,119,39,14,30,58,2,20,206,1276,43,24,19,498,12,7955,2694,106,1771,123,812,73,227,144,0,43,2430,2,2214,18,13,15,556,6,726,2120,46,1191,48,65,1502,11,51,9,1,5,513,0,0,7,434,562,4841,12,21,33,7,12,839,2,0,0,0,25,107,1310,950,271,319,492,91,25833,24,10,0,67,303,6,1,3,19,2301,129,10,128
GEO,0,1,5,0,0,6,128,223,0,140,241,124,0,124,3,2,5,187,1,0,7,223,0,0,2,236,0,4,0,1,0,141,258,128,248,3,5,2,251,0,0,2,0,104,236,296,0,137,0,5,25,113,0,261,106,4,117,0,268,1,0,290,0,5,0,0,0,1,234,0,0,0,0,0,0,109,1,234,5,120,107,108,1,6,137,284,1,3,138,4,3,3,0,0,115,0,1,0,6,0,1,0,0,97,0,111,3,29,123,0,2,1,0,113,5,0,2,1,1,4,2,0,0,1,223,2,1,0,5,0,140,137,1,106,6,115,1,7,7,0,3,247,0,253,3,6,0,98,0,131,272,1,85,1,0,12,0,1,0,0,0,233,0,0,0,130,129,144,1,1,3,0,2,107,0,0,0,0,1,5,251,226,2,4,115,2,346,8,0,0,3,5,0,0,0,0,130,2,0,2
GHA,5,6,1,0,0,6,11,0,0,89,14,0,2,38,33,44,18,4,6,0,4,1,0,0,1,35,3,4,0,5,0,77,76,15,131,24,37,22,20,0,1,8,3,3,11,115,0,57,1,7,6,26,0,34,10,37,31,2,62,5,8,285,5,0,0,8,0,19,12,0,2,4,0,0,0,5,1,6,18,41,20,14,12,10,10,46,8,9,40,1,69,2,4,0,29,0,2,1,14,2,2,1,0,12,0,6,12,4,11,1,2,9,0,21,0,19,4,8,0,1,15,0,1,23,31,4,5,14,110,0,103,34,4,27,8,17,10,16,14,0,6,13,0,17,3,1,0,9,0,10,16,8,25,12,23,12,0,2,1,1,0,9,0,0,0,9,4,66,0,7,0,5,10,22,0,0,0,0,2,12,20,10,46,34,5,5,368,0,0,0,6,28,2,0,0,0,181,21,2,11
GIB,0,0,0,0,0,0,0,0,0,0,0,0,0,0,0,0,0,0,0,0,0,0,0,0,0,0,0,0,0,0,0,0,0,0,0,0,0,0,0,0,0,0,0,0,0,0,0,0,0,0,0,0,0,5,0,0,0,0,1,0,0,5,0,0,0,0,0,0,0,0,0,0,0,0,0,0,0,0,0,0,0,0,0,0,0,0,0,0,0,0,0,0,0,0,0,0,0,0,0,0,0,0,0,0,0,0,0,0,0,0,0,0,0,0,0,0,0,0,0,0,0,0,0,0,0,0,0,0,0,0,0,1,0,0,0,0,0,0,0,0,0,0,0,0,0,0,0,0,0,0,0,0,0,0,0,0,0,0,0,0,0,0,0,0,0,0,0,0,0,0,0,0,0,0,0,0,0,0,0,0,0,0,0,0,0,0,0,0,0,0,0,0,0,0,0,0,0,0,0,0
GIN,1,1,0,0,0,1,1,0,0,7,1,0,1,20,7,14,6,0,0,0,0,0,0,0,0,4,0,0,0,0,0,8,21,0,4,14,4,7,1,0,1,1,1,0,0,16,0,37,0,1,0,0,0,8,1,4,3,0,39,0,2,31,0,8,0,0,0,4,1,0,0,0,0,0,0,0,0,4,2,2,0,0,0,1,3,10,0,0,5,0,5,0,0,0,9,0,0,1,0,6,0,0,0,0,0,0,1,0,3,0,0,4,0,0,0,7,0,1,0,2,2,2,1,1,0,1,0,2,6,0,9,2,1,5,0,1,0,1,0,0,1,0,0,5,0,0,0,0,0,0,4,2,0,6,12,2,0,5,0,0,0,0,0,0,0,0,2,13,1,1,0,3,0,1,0,0,0,0,0,2,3,0,8,4,0,0,25,0,0,0,0,5,1,0,0,0,7,1,0,0
GLP,0,0,0,0,0,0,1,0,0,5,0,0,0,8,1,2,0,0,0,0,0,0,0,0,0,4,2,0,0,0,3,5,9,1,2,1,0,1,1,1,1,1,4,0,0,5,0,0,0,3,2,0,0,10,0,0,0,0,124,0,1,11,0,0,0,0,0,0,0,0,0,0,2,0,0,0,0,2,0,1,1,0,0,0,0,9,1,0,0,0,0,0,0,0,1,0,0,0,0,0,0,0,0,0,0,0,0,0,2,1,0,1,0,2,0,1,0,0,0,0,1,0,0,0,2,0,3,0,1,0,5,3,1,1,0,0,0,0,0,0,0,0,0,1,0,0,0,5,1,1,1,0,0,0,4,0,0,0,0,0,0,0,0,0,0,0,1,0,0,0,0,0,0,0,0,0,0,0,1,2,1,0,1,1,0,0,19,0,0,0,0,1,0,0,0,0,2,0,0,0
GMB,2,3,0,0,0,1,1,0,0,26,2,0,0,39,4,14,15,0,1,0,0,0,1,0,0,5,0,0,0,0,0,10,16,2,5,6,6,8,4,0,0,2,0,0,0,15,0,11,0,1,1,1,0,13,2,10,4,0,16,1,2,108,1,19,0,4,0,0,2,1,0,1,0,0,0,0,0,0,5,14,1,1,2,1,3,7,0,1,8,0,20,1,2,0,1,0,0,2,1,1,0,0,0,2,0,1,1,1,2,0,2,3,0,3,0,20,0,3,0,1,9,0,0,16,2,3,1,2,19,0,22,3,1,9,1,9,2,6,3,0,3,1,0,3,2,0,0,2,0,3,2,3,5,1,11,2,0,1,1,0,0,1,0,0,1,1,1,3,0,0,0,1,2,5,0,0,0,0,0,2,1,3,14,15,2,2,59,0,0,0,2,5,0,0,1,0,21,7,1,1
GRC,1,2,17,0,0,93,185,267,0,482,551,124,0,619,9,2,13,295,9,0,21,238,1,1,2,455,1,6,0,1,0,465,832,223,589,9,16,5,271,0,0,15,49,429,491,1653,0,528,2,21,38,176,0,1239,160,10,461,4,1341,5,1,2314,234,12,0,1,0,2,0,2,2,4,1,0,4,266,0,404,32,316,286,201,7,55,306,1593,6,22,383,29,16,5,2,1,270,4,21,0,40,0,7,1,1,109,0,178,44,66,151,6,5,1,1,235,31,2,38,6,9,2,9,0,1,7,306,2,5,0,18,0,919,482,4,158,18,178,13,64,22,0,3,692,0,529,9,6,2,173,0,368,524,6,290,5,4,100,0,1,0,1,0,394,0,0,1,250,251,692,0,4,3,0,3,216,0,0,0,0,1,38,542,290,11,10,198,13,2115,8,0,0,22,37,0,0,1,2,271,6,1,3
GRD,0,1,0,0,0,0,0,0,1,2,0,0,0,0,0,0,0,0,0,0,0,0,1,0,0,1,1,0,0,0,0,2,1,2,2,0,0,0,0,0,0,0,0,0,0,8,0,1,1,0,1,1,0,0,0,0,2,0,2,0,0,16,0,0,0,0,0,1,2,0,0,0,0,0,0,0,0,0,0,3,0,0,0,0,1,9,0,0,1,0,1,0,0,1,1,0,0,0,0,0,0,0,0,0,0,0,0,0,0,0,0,0,0,1,0,0,0,0,0,0,0,0,0,1,0,1,0,0,3,0,4,0,0,0,0,1,1,1,0,0,0,6,0,3,1,0,0,1,0,4,3,0,0,0,0,1,0,0,0,0,0,0,0,0,1,0,0,1,0,0,0,0,0,2,0,0,0,0,0,1,0,0,0,1,1,1,86,0,0,0,2,0,0,0,1,0,6,0,0,0
GRL,0,0,0,0,0,0,2,0,0,11,6,0,0,7,1,0,1,0,0,0,2,0,0,0,0,2,0,0,0,0,0,30,4,4,6,2,2,0,2,0,0,0,2,1,2,12,0,84,0,2,2,2,0,4,2,0,6,1,7,0,0,17,0,2,0,0,0,0,2,0,0,0,0,0,0,1,0,2,1,2,2,2,0,10,3,3,2,2,6,0,2,0,0,0,2,0,2,0,2,0,0,0,0,0,0,2,2,2,1,0,0,0,0,2,0,0,1,2,0,0,1,0,0,0,2,0,0,0,2,0,8,21,2,3,0,2,2,2,2,0,0,3,0,2,0,0,0,0,0,1,4,0,2,0,0,2,0,0,0,0,0,1,0,0,0,2,1,14,0,2,0,0,0,2,0,0,0,0,0,2,4,2,1,2,1,1,18,0,0,0,2,2,0,0,0,0,5,0,0,0
GTM,1,1,0,0,0,0,28,0,0,14,3,0,0,3,2,1,4,1,0,0,1,1,1,0,5,30,1,2,1,0,0,19,7,15,8,2,4,1,25,0,0,16,4,0,5,16,0,6,5,0,12,2,0,30,0,3,2,0,17,0,0,32,0,4,0,0,0,1,4,0,0,0,1,0,9,3,0,0,6,18,4,1,2,0,1,14,1,0,3,1,10,1,1,0,4,0,0,0,1,0,1,0,0,2,0,2,0,0,2,0,1,3,0,35,0,0,3,1,0,1,3,0,0,3,2,0,0,0,6,11,8,6,0,7,3,8,10,12,6,0,2,2,0,5,9,0,0,0,0,4,3,2,2,2,0,6,0,0,12,1,0,1,0,0,1,0,1,5,0,0,0,0,1,3,0,0,0,0,2,2,7,0,2,1,1,4,123,0,0,0,12,4,0,0,0,0,9,7,0,0
GUF,1,0,0,0,0,0,3,0,0,8,3,0,0,10,1,2,1,0,0,0,0,0,0,0,3,26,0,0,0,0,5,7,12,1,2,2,6,1,6,0,0,1,0,0,1,9,0,2,0,0,4,0,0,2,0,4,2,0,85,0,5,16,0,0,0,0,2,0,1,0,0,1,0,5,0,0,0,0,2,3,0,2,0,0,1,7,0,0,2,0,1,0,2,0,2,0,0,1,0,0,0,0,0,0,0,0,0,0,0,0,0,3,0,0,0,2,0,1,0,0,0,0,0,0,0,0,2,2,1,0,7,0,1,1,0,0,1,7,1,0,1,1,0,2,0,0,1,0,0,1,2,1,1,0,3,2,1,0,0,0,1,0,0,0,4,0,0,1,0,0,0,0,1,3,0,0,0,0,0,0,0,0,1,2,0,0,24,0,0,0,3,1,0,0,0,0,3,1,0,0
GUY,0,0,0,0,0,0,0,0,0,4,1,0,0,1,0,0,1,0,0,0,0,0,0,0,3,4,1,0,0,0,0,6,1,0,0,0,0,0,4,0,0,0,1,0,0,5,0,0,0,0,4,0,0,2,0,0,1,0,7,0,0,9,0,0,0,0,0,0,0,0,0,0,5,0,0,0,0,0,0,1,0,0,0,0,0,2,1,0,0,0,0,0,0,0,0,0,0,0,0,0,0,0,0,0,0,0,0,0,0,0,0,0,0,0,0,0,0,0,0,0,0,0,0,0,0,0,0,0,0,0,5,0,0,1,0,0,0,4,0,0,0,0,0,0,0,0,0,0,0,0,0,0,0,0,0,0,0,0,0,0,0,0,0,0,0,0,0,0,0,0,0,0,0,0,0,0,0,0,3,0,0,0,0,0,0,0,18,0,0,0,3,0,0,0,0,0,0,0,0,0
HND,0,0,0,0,0,1,14,0,0,2,0,0,0,0,0,0,1,1,1,0,1,1,1,0,3,14,1,0,1,0,0,3,0,15,2,1,1,0,9,0,0,10,2,0,2,4,0,1,3,0,7,2,0,6,0,0,0,0,4,0,0,2,0,0,0,0,0,0,4,0,0,9,0,0,0,0,3,0,2,2,1,1,0,0,0,3,1,0,1,1,2,0,0,0,3,1,1,0,2,0,0,0,0,1,0,1,0,0,2,0,1,1,0,17,1,0,0,0,0,1,1,0,0,0,1,0,0,0,1,6,4,0,1,1,0,1,5,10,4,0,1,4,0,3,4,0,0,0,0,1,3,0,1,1,0,2,0,0,8,0,0,1,0,0,0,1,2,1,0,0,0,0,0,1,0,0,0,0,0,1,3,0,0,0,2,5,38,0,0,0,4,2,0,0,0,0,1,0,0,0
HRV,0,0,16,0,0,10,28,141,0,113,318,5,0,249,4,2,10,181,0,0,140,107,0,0,1,216,0,6,0,3,0,101,319,30,253,3,5,2,113,0,0,1,42,125,284,580,0,147,1,11,32,127,0,393,143,2,244,2,419,0,1,525,109,5,0,0,0,0,266,0,1,3,0,0,0,0,0,281,20,211,169,128,3,24,88,541,5,8,157,9,4,4,1,0,193,10,8,0,15,0,4,0,0,98,0,141,18,56,11,0,2,1,0,175,53,0,28,2,38,4,7,0,0,2,114,0,0,0,16,0,204,140,1,119,6,187,3,48,7,0,2,315,0,196,5,0,1,104,0,147,239,1,112,4,0,29,0,1,0,1,0,300,0,0,0,106,300,179,0,2,3,0,0,151,0,0,0,0,1,11,236,113,4,5,169,4,602,7,0,0,9,9,1,0,0,0,78,1,0,1
HTI,3,0,0,0,0,0,4,0,0,2,1,0,1,4,1,2,0,0,0,0,0,0,0,0,0,12,0,0,0,1,0,11,3,4,1,2,0,2,2,0,0,0,1,0,0,1,0,1,2,0,1,0,0,3,0,2,0,0,13,0,0,6,1,1,0,0,0,0,0,0,0,0,0,0,3,0,0,0,0,11,0,1,0,0,0,4,0,0,1,0,2,0,1,0,0,0,0,0,1,1,0,0,0,0,0,0,3,0,0,0,0,0,0,3,0,0,0,0,0,2,1,0,0,9,0,0,0,1,2,0,2,0,0,1,1,2,0,11,1,0,0,0,0,0,0,0,0,0,0,0,1,1,1,1,1,1,0,2,0,0,2,1,0,0,0,0,0,4,0,0,0,0,1,5,0,0,0,0,0,0,0,1,1,3,1,0,83,0,0,0,1,1,0,0,0,0,8,2,0,6
HUN,0,0,5,0,0,19,176,257,0,388,658,126,1,482,2,2,9,283,0,0,22,229,0,0,0,415,0,6,0,7,1,401,610,177,578,4,11,4,241,0,0,3,42,131,557,1377,0,381,0,15,32,142,0,785,178,7,359,3,919,1,1,1177,234,6,0,4,2,0,404,0,2,0,0,0,0,281,0,0,23,300,195,145,2,29,259,906,4,4,480,16,10,4,0,1,301,0,9,0,13,0,1,0,0,97,0,162,13,68,131,3,6,3,0,195,25,0,11,4,9,4,6,0,1,1,276,2,0,0,12,0,561,325,3,136,6,177,5,53,14,0,0,604,0,380,3,6,0,113,0,449,521,1,121,3,2,53,0,1,0,0,0,354,0,0,0,334,233,550,0,3,2,0,0,157,1,0,0,0,1,13,382,303,3,11,226,3,1468,6,0,0,13,23,0,0,0,0,234,1,0,1
IDN,6,4,5,0,1,8,24,13,0,450,48,1,0,42,12,8,40,7,6,0,4,4,0,0,2,66,1,13,4,2,1,82,83,21,170,14,21,13,25,0,0,11,16,4,22,244,0,53,2,8,9,28,0,67,14,17,47,3,157,5,4,284,5,18,0,2,0,5,32,0,1,6,2,0,2,20,0,23,0,128,17,27,12,8,16,89,2,8,559,4,30,3,22,0,155,1,4,8,10,0,2,1,0,21,1,6,7,3,14,0,1,11,1,44,3,8,7,16,0,3,10,0,0,14,373,1,9,1,30,1,255,47,26,67,6,40,12,36,91,0,12,35,0,42,3,0,0,7,0,27,33,11,53,10,2,118,3,1,4,1,1,11,0,0,2,26,5,70,0,2,0,1,4,157,0,0,0,0,2,8,46,134,18,18,18,7,394,3,0,0,6,85,5,0,0,4,48,15,2,6
IND,17,3,5,0,0,197,151,144,3,1386,368,4,3,485,18,6,141,169,30,0,7,119,1,0,5,732,7,15,7,18,1,1105,752,193,1501,16,51,24,211,0,1,21,51,126,391,1910,0,342,4,79,69,371,6,869,148,147,449,21,1351,6,2,2407,120,41,0,2,1,14,316,3,2,18,3,1,2,211,11,300,128,0,323,436,39,19,335,1169,16,52,1230,21,110,6,21,2,1811,2,43,11,41,1,13,2,1,167,3,117,34,37,42,2,10,9,2,405,8,19,8,19,0,13,32,0,19,35,834,10,6,10,172,1,683,298,163,289,146,428,29,115,143,0,10,565,0,391,11,1,0,190,1,190,693,17,1476,22,13,555,0,4,2,1,3,183,0,0,2,98,94,595,2,4,10,0,11,423,3,0,0,0,18,57,464,714,55,49,205,17,6168,17,0,0,32,143,3,0,1,16,904,31,1,34
IRL,1,2,3,1,0,32,56,104,2,631,309,1,0,463,9,2,22,149,17,0,14,109,0,2,1,361,2,7,1,2,0,597,552,85,663,9,12,7,199,0,2,11,4,139,235,1218,0,349,2,28,44,156,0,825,157,14,346,5,897,5,0,2609,107,20,0,0,1,1,286,0,2,4,0,0,1,169,0,195,17,323,0,158,10,50,107,885,7,12,193,9,17,4,2,1,207,0,12,0,23,0,4,1,0,114,0,141,43,58,17,5,3,1,0,195,9,1,33,6,4,0,12,0,2,17,171,4,5,0,28,0,709,274,5,236,10,154,10,24,28,0,4,423,0,304,5,0,0,123,0,153,369,7,171,8,1,126,0,5,0,1,0,156,0,0,0,62,94,434,2,5,4,0,3,137,0,0,0,0,4,19,219,148,16,23,185,12,1825,6,0,0,10,75,1,0,0,0,182,9,1,5
