,AFG,AGO,ALB,AND,ANT,ARE,ARG,ARM,ATG,AUS,AUT,AZE,BDI,BEL,BEN,BFA,BGD,BGR,BHR,BHS,BIH,BLR,BLZ,BMU,BOL,BRA,BRB,BRN,BTN,BWA,CAF,CAN,CHE,CHL,CHN,CIV,CMR,COD,COL,COM,CPV,CRI,CUB,CYP,CZE,DEU,DJI,DNK,DOM,DZA,ECU,EGY,ERI,ESP,EST,ETH,FIN,FJI,FRA,FSM,GAB,GBR,GEO,GHA,GIB,GIN,GLP,GMB,GRC,GRD,GRL,GTM,GUF,GUY,HND,HRV,HTI,HUN,IDN,IND,IRL,IRN,IRQ,ISL,ISR,ITA,JAM,JOR,JPN,KAZ,KEN,KGZ,KHM,KNA,KOR,KOS,KWT,LAO,LBN,LBR,LBY,LCA,LIE,LKA,LSO,LTU,LUX,LVA,MAR,MCO,MDA,MDG,MDV,MEX,MKD,MLI,MLT,MMR,MNE,MNG,MOZ,MRT,MUS,MWI,MYS,NAM,NCL,NER,NGA,NIC,NLD,NOR,NPL,NZL,OMN,PAK,PAN,PER,PHL,PLW,PNG,POL,PRK,PRT,PRY,PSE,PYF,QAT,REU,ROU,RUS,RWA,SAU,SDN,SEN,SGP,SLB,SLE,SLV,SMR,SOM,SRB,SSD,STP,SUR,SVK,SVN,SWE,SWZ,SYC,SYR,TCD,TGO,THA,TJK,TKM,TLS,TOA,TTO,TUN,TUR,TWN,TZA,UGA,UKR,URY,USA,UZB,VAT,VCT,VEN,VNM,VUT,WAS,WSM,YEM,ZAF,ZMB,ZRN,ZWE
AFG,0,0,0,0,0,1,0,0,0,6,2,0,0,6,1,0,3,1,1,0,0,0,0,0,0,2,0,0,1,0,0,2,3,1,3,0,1,3,1,0,0,1,0,0,0,2,0,3,0,1,1,3,0,2,1,2,1,0,6,1,0,17,0,4,0,0,0,0,0,0,0,0,0,0,0,0,2,0,3,10,1,11,1,0,2,1,0,4,10,1,3,1,0,0,3,0,1,0,2,0,0,0,0,2,0,0,3,0,0,0,0,0,0,3,0,0,0,2,0,1,2,0,0,0,10,0,1,0,4,0,4,2,2,1,0,16,1,1,2,0,0,2,0,2,0,1,0,1,0,1,1,1,3,0,1,2,0,1,0,0,0,1,0,0,0,1,0,2,0,0,0,1,0,2,0,0,0,0,0,1,2,2,2,1,1,0,28,0,0,0,0,2,0,0,0,0,3,1,0,0
AGO,0,0,0,0,0,0,1,0,0,5,1,0,0,3,2,3,0,1,0,0,2,0,0,0,0,15,0,0,0,1,0,1,3,0,1,0,3,1,0,0,1,0,8,0,0,9,0,3,0,1,1,2,0,18,0,1,0,0,6,0,1,10,0,1,0,1,0,0,1,0,0,0,0,0,0,2,2,0,0,1,0,1,0,0,0,8,0,0,0,0,4,0,0,0,0,0,0,0,0,0,1,0,0,0,0,0,0,0,0,0,0,0,0,0,0,3,0,0,0,0,4,1,0,3,0,1,0,2,2,0,9,2,0,1,0,1,0,1,0,0,0,0,0,37,0,0,0,0,0,0,4,1,0,0,3,0,0,0,0,0,0,0,0,2,0,0,2,2,0,0,0,1,0,0,0,0,0,0,0,0,0,0,3,4,0,1,20,0,0,0,0,0,0,0,0,0,7,2,0,2
ALB,0,0,0,0,0,4,3,0,0,9,14,0,0,13,2,2,2,16,0,0,8,7,0,0,2,9,1,2,0,0,0,7,17,3,9,2,4,1,6,0,0,2,1,7,17,37,0,11,1,5,2,8,0,31,11,1,10,1,25,0,0,27,3,3,0,0,0,0,27,0,0,0,0,0,0,20,0,13,2,10,6,5,0,4,9,83,4,4,8,2,3,2,0,0,5,25,1,0,4,0,0,0,0,1,0,6,2,5,5,0,1,0,0,5,19,0,4,1,10,2,1,0,2,0,5,1,0,0,5,1,17,12,4,2,2,5,4,3,2,0,1,16,0,13,2,1,0,2,0,18,12,0,6,3,1,3,1,1,1,0,0,19,0,0,1,7,20,14,0,1,1,0,0,3,0,0,0,1,2,6,25,4,2,4,8,1,39,0,0,0,2,3,0,0,0,1,4,2,0,0
AND,0,0,0,0,0,0,0,0,0,1,2,0,0,1,0,0,0,0,0,0,0,0,0,0,0,0,0,0,0,0,0,3,0,3,0,0,0,0,1,0,0,0,0,0,1,0,0,0,0,0,0,0,0,11,0,0,0,0,2,0,0,1,0,0,0,0,0,0,0,0,0,0,0,0,0,0,0,0,0,1,0,0,0,0,0,1,0,0,0,0,0,0,0,0,0,0,0,0,0,0,0,0,0,0,0,0,0,0,1,0,0,0,0,1,0,0,0,0,0,0,0,0,0,0,0,0,0,0,0,0,1,1,0,0,0,0,0,0,0,0,0,0,0,1,0,0,0,0,0,0,0,0,0,0,0,1,0,0,0,0,0,0,0,0,0,0,0,1,0,0,0,0,0,0,0,0,0,0,0,0,0,0,0,1,0,0,6,0,0,0,0,0,0,0,0,0,0,0,0,0
ANT,0,0,0,0,0,0,0,0,0,0,0,0,0,2,0,0,0,0,0,1,0,0,0,1,0,0,0,0,0,0,0,1,0,0,0,0,0,0,0,0,0,0,0,0,0,1,0,0,0,0,0,0,0,1,0,0,0,0,0,0,0,1,0,0,0,0,0,0,0,0,0,0,0,0,0,0,0,0,0,0,0,0,0,0,1,0,0,0,0,0,0,0,0,0,0,0,0,0,0,0,0,0,0,0,0,0,0,0,0,0,0,0,0,0,0,0,0,0,0,0,0,0,0,0,0,0,0,0,0,0,7,0,1,0,0,0,0,0,0,0,0,0,0,0,0,0,0,0,0,0,0,0,0,0,0,0,0,0,0,0,0,0,0,0,0,0,0,0,0,0,0,0,0,0,0,0,0,0,0,0,0,0,0,0,0,1,3,0,0,0,0,0,0,0,0,0,0,0,0,0
ARE,1,0,4,0,0,0,18,1,0,214,46,1,3,46,11,1,35,14,30,0,5,7,0,0,3,68,2,2,6,2,0,294,73,38,220,2,17,5,31,0,0,7,2,15,33,203,0,48,1,50,10,177,0,122,17,20,47,3,202,6,2,397,8,16,0,2,0,2,87,0,1,1,0,0,0,8,1,23,17,197,27,73,23,10,46,182,7,128,73,7,13,9,2,0,102,0,49,1,69,0,6,0,0,13,0,4,11,5,36,1,1,1,1,28,4,0,2,8,1,4,9,0,4,1,125,3,6,1,20,0,107,38,15,30,65,175,11,13,16,0,1,60,0,60,4,18,0,120,0,25,54,7,247,16,1,69,1,1,1,0,1,31,0,0,1,12,10,85,0,2,4,0,0,23,0,0,0,1,3,58,72,38,8,10,12,2,788,4,1,0,8,14,0,0,0,15,60,8,0,4
ARG,0,1,3,0,0,18,0,96,0,422,184,89,0,208,5,3,13,105,2,0,6,94,1,0,31,1004,2,2,2,2,0,484,343,538,321,3,8,5,377,0,0,36,44,8,207,781,0,230,8,10,79,27,0,1094,22,3,60,2,725,1,2,653,100,18,0,2,0,2,144,1,1,15,1,1,10,23,2,146,18,136,44,39,4,8,164,584,6,9,250,7,22,6,1,0,57,0,8,0,12,0,0,0,0,8,0,8,15,9,106,4,2,3,0,351,4,3,3,3,1,4,6,0,3,0,117,5,2,1,20,7,344,169,14,72,3,31,27,101,20,0,2,188,0,226,33,82,0,14,1,149,206,4,35,4,2,42,1,1,7,0,0,107,0,1,3,102,126,248,0,3,1,0,1,36,0,0,0,1,4,14,184,124,6,12,16,172,1700,4,3,0,68,13,0,0,0,2,232,8,0,6
ARM,0,0,0,0,0,1,96,0,0,109,243,107,0,132,0,0,4,214,0,0,1,212,0,0,0,242,0,0,0,0,0,105,253,110,245,0,1,0,207,0,0,1,27,115,250,301,0,126,0,1,110,119,0,256,120,0,144,0,303,0,0,296,214,0,0,1,0,0,241,0,0,1,0,0,0,148,0,234,32,156,123,124,0,6,99,299,0,0,136,7,0,3,0,0,168,1,0,0,3,0,0,0,0,111,0,116,1,111,91,1,0,0,0,155,1,0,0,0,4,4,0,0,0,0,204,7,0,0,0,0,137,121,2,115,0,149,1,29,4,0,0,260,0,212,1,79,0,107,0,133,372,0,14,0,0,6,0,0,0,0,0,203,0,0,0,120,97,131,0,0,1,0,0,146,0,0,0,0,0,5,241,210,0,1,156,3,352,4,0,0,4,6,0,0,0,0,127,0,0,0
ATG,0,0,0,0,0,0,0,0,0,0,0,0,0,0,0,0,0,0,0,1,0,0,0,0,0,0,0,0,0,0,0,3,0,0,0,0,0,0,0,0,0,0,0,0,0,0,0,0,1,0,1,0,0,0,0,0,0,0,0,0,0,0,0,0,0,0,0,0,0,0,0,0,0,0,0,0,0,0,0,1,0,0,0,0,0,0,1,0,0,0,0,0,0,0,0,0,0,0,0,0,0,0,0,0,0,0,0,0,0,0,0,0,0,0,0,0,0,0,0,0,0,0,0,0,0,0,0,0,0,0,0,0,0,0,0,0,0,0,0,0,0,0,0,0,0,0,0,0,0,0,0,0,0,0,0,0,0,0,0,0,0,0,0,0,0,0,0,0,0,0,0,0,0,0,0,0,0,0,1,0,0,0,0,0,0,0,9,0,0,0,0,0,0,0,0,0,0,0,0,0
AUS,6,5,9,1,0,214,422,109,0,0,847,92,5,1276,18,20,366,183,19,11,8,113,5,5,14,1445,8,31,27,31,1,3948,1891,681,9623,9,53,25,345,0,3,55,14,63,489,4693,1,1340,2,39,68,219,0,2159,125,125,705,102,3105,13,10,9202,117,139,0,6,6,23,473,2,5,11,5,5,4,104,1,377,432,1424,622,815,137,93,560,2554,12,81,2078,40,145,19,69,3,1048,6,66,41,82,4,12,5,5,194,0,72,76,27,145,25,6,15,4,410,13,14,19,40,2,24,43,1,23,32,1059,23,34,3,164,9,2788,901,94,2235,53,407,46,89,197,4,108,731,0,630,13,99,4,191,1,277,730,21,750,18,19,1236,29,9,2,1,2,206,1,2,2,173,210,1846,9,9,6,0,2,568,0,0,16,6,37,43,410,673,71,84,90,59,12280,13,8,1,30,476,7,0,15,11,1244,38,0,27
AUT,2,1,14,2,0,46,184,243,0,847,0,105,3,899,16,10,22,321,7,0,27,219,1,0,8,545,7,12,11,5,0,892,1809,229,991,3,21,9,257,0,2,25,36,156,847,5131,0,694,7,26,132,206,0,1431,205,36,582,4,1813,6,14,2522,233,19,0,3,1,3,585,0,2,8,2,1,2,325,1,700,66,380,355,265,26,73,347,2039,8,27,653,14,33,11,4,2,332,12,34,0,28,0,2,0,39,130,0,195,53,145,108,4,7,6,0,262,29,1,17,13,12,20,12,0,4,2,267,13,5,3,52,2,1343,571,21,251,14,233,16,66,27,0,5,786,0,520,3,90,0,147,1,350,682,6,159,11,6,149,1,2,2,0,0,375,0,1,2,335,323,1066,0,3,5,1,1,244,0,0,0,1,2,34,441,314,18,27,252,17,3365,8,1,0,15,45,0,0,0,6,321,9,0,0
AZE,0,0,0,0,0,1,89,107,0,92,105,0,0,2,0,1,0,93,0,0,1,99,0,0,0,104,0,0,0,0,0,95,112,90,115,0,0,0,89,0,0,0,14,1,109,133,0,103,0,1,0,4,0,113,1,0,16,0,115,0,0,106,93,0,0,0,0,0,104,0,0,0,0,0,0,19,0,107,14,20,1,25,0,1,93,112,0,0,111,8,1,1,0,0,17,1,0,0,0,0,0,0,0,0,0,1,0,1,90,0,1,0,0,14,0,0,0,0,1,1,0,0,0,0,90,0,0,0,0,0,105,107,0,1,0,15,0,14,0,0,0,119,0,104,0,79,0,0,0,105,199,0,12,0,0,0,0,0,0,0,0,91,0,0,0,106,91,104,0,0,0,0,0,14,1,0,0,0,0,1,240,93,0,0,29,0,129,0,0,0,1,2,0,0,0,0,104,0,0,0
BDI,0,0,0,0,0,3,0,0,0,5,3,0,0,19,4,1,5,1,4,0,0,0,0,0,0,4,0,0,4,0,1,4,6,4,6,0,8,8,4,0,0,3,0,0,1,11,0,5,0,4,3,4,0,4,4,7,4,0,10,4,1,7,1,4,0,0,0,1,4,0,0,0,0,0,0,2,0,2,4,8,4,4,4,4,3,7,0,4,7,3,7,4,0,0,4,0,1,0,4,0,1,0,0,3,0,0,7,0,1,0,0,1,0,4,1,0,0,3,0,0,4,0,0,1,4,0,4,0,4,0,7,4,4,4,3,5,3,4,6,0,1,4,0,4,0,2,0,3,0,5,4,8,4,0,2,4,0,0,0,0,0,4,0,0,0,4,0,6,0,0,0,0,0,0,0,0,0,0,0,1,5,4,7,8,4,0,15,0,0,0,0,5,0,0,0,3,4,4,0,1
BEL,6,3,13,1,2,46,208,132,0,1276,899,2,19,0,42,32,32,271,11,0,22,143,3,0,13,762,5,5,9,8,3,1329,1748,226,1323,26,88,107,237,2,1,31,55,191,619,3664,1,884,7,91,176,264,0,2155,251,123,650,4,3963,7,14,4134,136,49,0,30,8,24,667,1,4,6,7,1,2,251,3,533,58,518,493,329,24,72,355,2751,10,31,740,18,112,13,23,3,450,4,22,2,85,2,7,0,2,130,0,210,200,149,80,22,11,15,0,334,25,11,35,18,8,13,28,1,6,17,201,10,10,4,59,0,3485,573,30,327,16,187,29,75,47,1,7,844,0,737,5,11,2,180,0,306,647,26,171,7,21,167,2,6,3,0,0,276,0,1,5,129,179,1138,6,4,1,2,6,208,1,0,0,1,4,91,428,290,53,91,215,30,4520,7,1,0,16,157,0,0,1,5,486,27,0,19
BEN,1,2,2,0,0,11,5,0,0,18,16,0,4,42,0,21,11,7,8,0,2,1,0,0,2,25,2,1,7,3,1,22,28,14,22,27,36,22,14,0,0,10,2,2,3,51,0,20,0,14,9,18,0,18,10,19,13,1,118,7,10,43,3,34,0,7,1,5,8,0,1,0,0,0,0,5,0,3,13,19,10,18,10,9,10,25,4,12,19,7,28,8,0,0,13,0,3,0,11,1,1,0,0,8,0,2,10,3,11,0,1,5,0,14,1,17,1,7,1,1,14,3,2,4,13,4,6,12,46,0,26,15,12,11,5,15,10,13,15,0,5,14,0,17,1,7,1,7,0,12,15,14,14,4,21,12,1,3,0,0,0,15,0,0,1,10,3,13,2,3,0,2,17,3,0,0,0,1,1,8,15,19,25,19,8,2,72,0,0,0,2,15,0,0,0,5,42,13,0,5
BFA,0,3,2,0,0,1,3,0,0,20,10,1,1,32,21,0,4,2,0,0,1,1,0,0,1,11,0,1,0,1,1,34,30,4,9,37,29,14,5,0,0,0,1,1,4,45,1,21,1,1,1,4,0,16,1,11,11,0,141,0,11,77,1,46,0,9,3,15,3,0,0,0,0,0,1,2,0,1,6,10,2,3,0,0,2,24,2,1,4,0,33,0,4,0,7,0,0,0,3,0,0,0,0,3,1,0,2,1,6,0,0,4,0,7,0,30,0,1,0,1,7,6,1,13,1,0,0,20,26,1,30,6,6,2,2,3,2,3,4,0,2,3,0,3,2,0,0,3,1,3,4,5,4,4,45,2,0,7,1,0,0,2,0,0,0,1,1,9,3,0,0,6,21,6,0,0,0,0,1,5,1,8,19,24,1,1,80,0,0,0,4,7,0,0,0,0,35,11,0,6
BGD,3,0,2,0,0,35,13,4,0,366,22,0,5,32,11,4,0,8,10,0,2,0,0,0,2,59,4,16,11,1,0,123,62,23,202,3,12,8,23,0,0,10,2,3,8,129,0,36,0,15,9,56,0,41,13,32,43,6,56,8,1,277,2,22,0,1,0,28,14,0,1,2,0,0,1,8,0,9,37,174,21,31,19,14,12,53,4,14,359,9,44,10,9,1,144,0,9,4,14,1,1,0,0,33,0,3,10,4,6,0,3,2,2,22,1,17,1,14,1,2,14,0,4,8,301,1,6,0,27,1,75,35,71,52,12,119,11,28,41,0,5,24,0,18,2,10,0,13,0,17,19,10,110,3,4,35,2,0,2,0,0,12,1,0,1,10,2,62,1,2,0,0,1,67,0,0,0,1,0,7,39,23,31,14,10,4,543,1,0,0,3,42,1,0,1,7,88,31,0,5
BGR,1,1,16,0,0,14,105,214,0,183,321,93,1,271,7,2,8,0,10,0,21,220,0,0,4,294,1,3,4,0,0,167,359,112,282,2,15,4,230,0,0,8,2,129,324,611,0,140,4,17,114,149,0,433,152,9,205,2,424,5,0,492,222,12,0,0,2,1,332,0,1,0,1,1,0,188,0,297,15,184,173,142,11,10,137,503,5,16,194,20,10,6,0,1,152,5,1,0,19,0,1,0,0,116,0,157,10,136,98,1,5,0,0,167,41,0,10,4,10,6,5,0,2,0,225,5,3,0,40,0,243,153,9,133,8,133,11,29,8,0,2,429,0,296,4,85,0,120,0,231,387,4,37,4,1,20,1,1,1,0,1,316,0,1,2,162,145,184,0,1,0,0,0,139,1,0,0,1,3,9,304,226,6,10,183,5,519,6,0,0,5,17,0,0,0,3,132,6,0,0
BHR,1,0,0,0,0,30,2,0,0,19,7,0,4,11,8,0,10,10,0,0,0,0,0,0,1,12,0,1,7,1,0,15,12,9,26,0,11,6,11,0,0,6,0,0,1,16,0,10,3,18,6,38,0,15,8,13,9,0,21,8,0,32,2,10,0,0,0,2,6,0,0,0,0,0,0,6,0,1,9,31,17,12,11,7,11,15,1,21,15,9,9,7,1,0,10,0,13,0,12,0,2,0,0,7,0,1,8,0,7,0,0,0,0,11,0,0,0,5,0,0,7,0,0,1,27,1,6,0,12,0,18,11,8,13,22,24,7,9,8,0,2,11,0,10,0,7,0,21,0,8,13,7,55,1,0,11,0,0,0,0,0,10,0,0,0,8,0,14,0,0,0,0,0,0,0,0,0,0,0,16,21,15,6,6,9,1,36,0,0,0,0,8,0,0,0,14,13,7,0,0
BHS,0,0,0,0,1,0,0,0,1,11,0,0,0,0,0,0,0,0,0,0,0,0,1,2,0,3,1,0,0,0,0,17,2,1,1,0,0,0,0,0,0,1,0,0,0,2,0,0,0,0,0,0,0,0,0,0,0,0,3,0,0,14,0,0,0,0,0,0,0,0,0,0,0,0,0,0,0,0,0,0,1,0,0,0,1,1,5,0,0,0,0,0,0,0,0,0,0,0,0,0,0,0,0,0,0,0,0,0,0,0,0,0,1,1,0,0,0,0,0,0,0,0,0,0,0,0,1,0,0,0,2,0,0,0,0,0,0,0,0,0,0,0,0,1,0,0,0,0,0,0,0,0,0,0,0,0,0,0,0,0,0,0,0,0,0,0,0,0,0,0,0,0,0,0,0,0,0,0,1,0,0,0,0,0,0,1,41,0,0,1,0,0,0,0,0,0,0,0,0,0
BIH,0,2,8,0,0,5,6,1,0,8,27,1,0,22,2,1,2,21,0,0,0,4,0,0,1,8,2,2,0,0,0,12,29,4,10,2,3,0,3,0,0,2,2,7,34,52,0,13,1,2,2,4,0,27,10,1,15,1,27,0,0,51,3,3,0,0,0,0,13,0,1,0,0,0,0,135,0,14,3,6,11,7,2,6,15,48,3,4,7,3,2,1,0,0,8,8,2,0,5,1,0,0,0,0,0,21,3,12,4,0,3,0,0,7,19,0,4,2,25,1,2,0,2,0,4,0,0,0,4,0,35,17,3,3,2,3,3,3,3,0,0,32,0,17,1,1,0,2,0,24,22,0,8,1,1,3,1,1,1,0,0,184,0,0,1,11,58,21,0,2,1,0,0,4,0,0,0,1,1,6,30,3,2,4,14,3,38,0,0,0,3,3,0,0,0,1,4,0,0,0
BLR,0,0,7,0,0,7,94,212,0,113,219,99,0,143,1,1,0,220,0,0,4,0,0,0,2,221,0,2,0,0,0,112,238,95,255,0,4,0,209,0,0,0,0,119,233,323,0,110,1,3,109,121,0,273,131,0,148,0,275,0,0,276,218,1,0,0,0,0,223,0,0,0,0,0,0,128,0,211,1,140,121,127,0,5,109,251,3,9,108,21,0,0,0,0,138,1,1,0,3,0,0,0,0,111,0,156,1,122,91,0,5,0,0,120,6,1,5,0,4,3,0,0,1,0,204,1,0,0,4,0,118,111,2,115,2,114,3,3,1,0,1,315,0,236,4,79,0,108,0,116,599,0,17,2,2,12,0,1,1,0,1,213,0,0,0,100,102,132,1,0,0,0,0,118,1,0,0,0,2,2,223,214,0,4,204,0,291,5,0,0,3,13,0,0,0,0,102,1,0,0
BLZ,0,0,0,0,0,0,1,0,0,5,1,0,0,3,0,0,0,0,0,1,0,0,0,0,0,2,1,0,0,0,0,5,1,1,1,0,0,0,2,0,0,2,1,0,1,3,0,3,0,0,0,0,0,4,0,0,0,0,2,0,0,11,0,0,0,0,0,0,0,0,0,3,0,0,3,0,0,0,1,4,0,1,0,0,2,4,1,0,4,0,0,0,0,0,2,0,0,0,0,0,0,0,0,0,0,0,0,0,0,0,0,0,0,5,0,0,0,0,0,0,0,0,0,1,0,0,0,0,0,2,3,1,1,1,1,0,2,0,0,0,0,0,0,3,0,0,0,0,0,0,1,0,3,0,1,0,0,0,2,0,0,0,0,0,0,0,0,1,0,0,0,0,0,1,0,0,0,0,0,0,0,0,0,0,0,1,23,0,0,0,0,1,0,0,0,0,3,0,0,0
BMU,0,0,0,0,1,0,0,0,0,5,0,0,0,0,0,0,0,0,0,2,0,0,0,0,0,2,1,0,0,0,0,7,1,0,2,0,0,0,0,0,1,0,0,0,0,8,0,4,1,0,0,1,0,3,0,0,0,0,5,0,0,12,0,0,0,0,0,0,0,0,0,0,0,1,0,0,0,0,0,0,1,0,0,1,1,0,1,0,1,0,0,0,0,0,0,0,0,0,0,0,0,0,0,0,0,0,0,0,0,0,0,0,0,3,0,0,0,0,0,0,0,0,0,0,0,0,0,0,0,0,3,2,0,3,0,0,0,0,0,0,0,0,0,1,0,0,0,0,0,0,0,0,0,0,0,0,0,0,0,0,0,0,0,0,1,0,0,1,0,0,0,0,0,0,0,0,0,0,3,0,0,0,0,0,1,1,31,0,0,0,0,0,0,0,0,0,1,0,0,0
BOL,0,0,2,0,0,3,31,0,0,14,8,0,0,13,2,1,2,4,1,0,1,2,0,0,0,41,0,2,1,0,0,16,12,23,7,1,5,1,27,0,0,6,7,1,5,35,0,19,2,1,23,5,0,34,5,2,6,0,43,1,1,27,6,5,0,1,0,1,5,0,0,2,4,1,1,2,0,4,5,7,6,3,1,1,4,14,2,4,9,1,3,1,0,0,5,0,0,1,3,1,0,0,0,2,0,0,2,2,3,0,0,0,0,35,0,0,0,1,0,2,1,0,1,0,5,3,0,0,4,3,23,9,3,6,2,1,7,31,2,0,2,7,0,10,10,1,0,1,0,4,6,2,5,3,1,4,0,1,2,0,0,4,0,1,1,1,2,23,0,0,0,0,0,2,0,0,0,0,2,3,5,3,2,6,3,10,82,0,0,0,14,3,0,0,0,1,10,2,0,0
BRA,2,15,9,0,0,68,1004,242,0,1445,545,104,4,762,25,11,59,294,12,3,8,221,2,2,41,0,4,9,7,6,0,1797,1011,793,1133,5,44,13,868,1,6,87,183,129,461,2352,0,578,10,36,256,217,1,2607,163,34,404,7,2362,8,5,3053,217,35,0,2,5,7,401,3,2,22,13,2,17,205,8,385,75,739,371,326,29,25,306,1934,12,31,677,19,71,14,3,2,437,2,20,1,58,0,4,0,4,149,0,147,37,127,125,25,4,7,0,777,9,5,14,10,6,9,60,1,7,18,311,12,8,5,102,11,1134,391,40,300,28,301,60,290,116,1,10,670,0,1697,51,89,1,149,1,299,733,13,164,13,8,149,1,2,8,0,1,277,0,2,6,167,160,663,1,2,1,0,3,300,0,0,0,1,8,54,410,357,36,44,281,207,7174,9,7,0,109,121,0,0,0,8,474,13,0,14
BRB,0,0,1,0,0,2,2,0,0,8,7,0,0,5,2,0,4,1,0,1,2,0,1,1,0,4,0,1,0,0,0,16,6,4,5,2,2,0,4,0,0,2,2,3,2,9,0,4,1,2,2,4,0,5,2,2,2,2,6,0,0,21,0,6,0,0,0,0,3,0,1,1,0,1,0,2,0,3,3,4,3,3,0,2,2,4,12,2,6,1,4,2,0,1,3,0,2,0,2,0,0,0,0,0,0,2,2,2,2,0,1,0,0,3,1,0,1,2,1,0,2,0,1,1,5,0,0,0,5,0,4,4,2,3,0,2,3,3,3,0,0,2,0,2,0,1,0,1,0,2,6,0,2,0,1,2,2,0,1,0,0,2,0,0,2,2,2,3,0,2,0,0,0,2,0,0,0,1,10,2,2,6,3,5,0,2,43,0,0,3,3,2,0,0,0,1,5,0,0,0
BRN,0,0,2,0,0,2,2,0,0,31,12,0,0,5,1,1,16,3,1,0,2,2,0,0,2,9,1,0,0,0,0,16,10,3,25,1,3,1,4,0,0,1,1,3,9,20,0,3,1,1,2,10,0,5,2,2,4,1,10,0,1,40,2,3,0,1,0,0,3,0,0,0,1,0,0,3,0,4,30,10,3,7,0,1,3,11,2,2,14,1,1,1,1,0,10,0,1,0,2,0,0,0,0,5,0,1,1,2,2,0,1,0,0,2,1,0,1,1,1,1,1,0,2,0,65,0,0,0,4,0,8,4,2,1,2,11,4,3,2,0,0,4,0,2,2,1,0,2,0,2,3,0,21,1,1,15,1,1,1,0,0,2,0,0,1,1,3,4,0,1,0,0,0,4,0,0,0,1,1,2,2,14,1,3,4,1,26,0,0,0,3,15,0,0,0,1,7,0,0,0
BTN,1,0,0,0,0,6,2,0,0,27,11,0,4,9,7,0,11,4,7,0,0,0,0,0,1,7,0,0,0,1,0,10,11,7,12,0,7,6,7,0,0,6,0,1,1,14,0,8,1,7,5,7,0,8,7,9,8,0,11,7,0,14,2,7,0,0,0,2,5,0,0,0,0,0,0,2,0,0,11,17,7,8,7,6,6,10,1,8,12,6,7,7,1,0,11,0,2,1,7,0,1,0,0,8,0,0,8,2,2,0,1,0,1,8,0,0,0,9,0,2,7,0,1,0,10,1,6,0,8,0,14,8,16,10,5,9,6,7,9,0,3,8,0,8,0,6,0,5,0,8,7,7,8,0,0,7,1,0,0,0,0,7,0,0,0,7,0,9,0,0,0,0,0,8,0,0,1,0,0,3,7,8,7,6,7,1,24,0,0,0,0,7,1,0,0,4,9,8,0,0
BWA,0,1,0,0,0,2,2,0,0,31,5,0,0,8,3,1,1,0,1,0,0,0,0,0,0,6,0,0,1,0,0,20,9,8,7,1,16,2,1,0,0,1,0,1,3,30,0,6,2,1,0,2,0,5,0,26,5,0,14,0,0,61,1,2,0,0,0,0,1,0,0,1,0,0,0,0,1,5,0,21,0,2,0,0,0,11,0,1,4,1,21,0,0,0,3,0,1,0,0,1,2,0,0,1,1,0,0,1,3,0,1,0,0,9,0,1,0,0,0,1,3,0,1,8,3,12,0,2,18,0,11,4,0,6,1,2,0,0,0,0,0,2,0,4,1,1,0,1,0,5,2,5,3,2,1,1,0,0,0,0,0,0,0,0,0,1,0,19,3,0,0,0,0,7,0,0,0,0,0,1,2,2,12,10,0,0,134,0,0,0,0,1,0,0,0,0,105,7,0,22
CAF,0,0,0,0,0,0,0,0,0,1,0,0,1,3,1,1,0,0,0,0,0,0,0,0,0,0,0,0,0,0,0,1,2,0,3,1,6,1,0,0,0,0,0,0,3,3,1,0,0,0,0,0,0,0,0,0,0,0,14,0,2,5,0,1,0,1,2,0,0,0,0,0,1,0,0,0,0,0,0,1,0,0,0,0,0,2,0,0,2,0,1,0,0,0,0,0,0,0,2,0,0,0,0,0,0,0,0,0,0,0,0,1,0,0,0,0,0,0,0,0,0,0,0,0,0,0,0,2,0,0,0,0,0,0,0,1,0,0,0,0,0,0,0,0,0,0,0,0,0,1,1,0,0,0,3,0,0,0,0,0,0,0,0,0,0,0,0,0,0,0,0,0,0,0,0,0,0,0,0,1,0,0,1,0,0,0,6,0,0,0,0,0,0,0,0,0,1,0,0,1
CAN,2,1,7,3,1,294,484,105,3,3948,892,95,4,1329,22,34,123,167,15,17,12,112,5,7,16,1797,16,16,10,20,1,0,2142,584,6972,26,62,24,360,0,1,64,48,61,544,4615,2,1243,6,151,61,488,0,2085,101,84,681,13,4521,9,12,6682,113,92,0,10,7,16,438,7,25,13,4,4,5,118,5,406,74,1050,603,1031,30,86,867,2598,30,84,1846,34,175,19,18,10,984,2,83,6,132,5,17,1,10,58,1,45,85,25,198,19,9,11,2,631,18,20,19,10,7,27,21,3,8,41,341,14,8,6,135,13,2511,1003,63,751,45,309,60,113,80,0,8,834,0,574,15,114,1,187,3,272,792,25,793,13,37,559,3,10,5,1,5,214,1,1,5,178,197,1616,2,4,11,4,0,240,0,0,2,1,45,118,552,672,69,127,105,59,19305,8,3,1,34,102,5,0,2,9,853,28,0,21
CHE,3,3,17,0,0,73,343,253,0,1891,1809,112,6,1748,28,30,62,359,12,2,29,238,1,1,12,1011,6,10,11,9,2,2142,0,401,1838,45,53,49,405,0,2,37,55,172,895,7997,1,1277,7,53,138,235,2,2679,255,77,822,10,4850,8,17,5847,242,86,0,17,4,19,825,1,3,7,5,1,2,317,2,643,103,691,603,334,18,80,659,4096,10,36,1268,24,135,24,21,7,615,8,24,13,84,7,2,0,28,141,2,235,101,153,141,18,15,23,0,414,31,22,35,18,9,15,55,4,2,38,284,7,8,10,87,1,2721,857,49,417,10,238,35,123,124,1,22,1171,0,823,8,90,2,186,2,446,1000,27,220,16,43,342,5,12,1,1,1,354,4,1,2,280,305,1715,9,10,1,12,10,293,6,0,0,2,3,62,581,453,93,95,322,39,8574,15,7,0,24,135,3,0,1,6,673,36,0,37
CHL,1,0,3,3,0,38,538,110,0,681,229,90,4,226,14,4,23,112,9,1,4,95,1,0,23,793,4,3,7,8,0,584,401,0,418,3,19,8,478,0,0,63,59,15,188,1071,0,275,8,20,136,32,0,1639,28,14,120,2,929,7,0,1221,97,13,0,0,0,3,176,0,1,22,1,1,16,34,1,140,19,183,62,86,8,26,201,725,9,21,323,9,23,11,3,1,156,0,9,1,26,1,0,1,0,13,0,18,17,7,106,4,1,1,0,411,10,1,4,7,1,4,19,1,3,2,130,8,7,0,27,5,427,199,20,106,11,33,33,148,29,0,4,244,0,272,30,86,2,17,1,129,269,8,75,6,3,41,1,1,9,0,0,119,0,1,2,125,119,298,0,2,1,0,1,45,0,0,0,1,3,19,173,182,13,17,44,104,2412,2,25,0,65,30,0,0,0,5,309,11,0,5
CHN,3,1,9,0,0,220,321,245,0,9623,991,115,6,1323,22,9,202,282,26,1,10,255,1,2,7,1133,5,25,12,7,3,6972,1838,418,0,9,60,26,434,0,2,35,60,158,717,6651,0,1431,6,115,153,635,5,2061,224,94,1014,9,4175,8,8,10729,233,128,0,11,1,6,572,4,11,5,1,1,1,272,2,529,185,1833,741,732,88,79,676,2495,7,63,6079,87,149,32,26,10,3566,1,31,16,85,2,5,0,1,203,1,177,83,132,138,13,8,11,0,562,23,8,7,70,4,61,18,0,26,22,834,13,9,3,185,2,2520,835,100,1026,68,1999,31,113,273,1,11,1024,51,714,10,98,0,365,0,440,1713,33,1688,99,19,4065,2,25,2,0,0,346,2,1,3,216,227,2155,1,2,10,0,3,715,8,2,0,1,9,64,729,3294,49,47,363,38,43706,42,1,0,31,385,3,0,1,17,747,23,0,19
CIV,0,0,2,0,0,2,3,0,0,9,3,0,0,26,27,37,3,2,0,0,2,0,0,0,1,5,2,1,0,1,1,26,45,3,9,0,27,11,5,1,0,5,2,2,3,36,1,4,0,7,4,5,0,5,3,7,3,1,128,0,4,42,0,25,0,11,2,3,3,0,1,0,1,1,0,2,0,4,5,11,3,2,0,2,3,17,3,3,4,1,16,1,1,0,4,0,2,0,3,2,0,0,0,2,1,2,8,2,12,0,1,6,0,4,1,13,1,2,1,0,5,4,2,8,3,1,0,7,15,0,13,3,3,3,0,3,3,4,5,0,3,3,0,5,0,1,0,2,0,5,4,4,2,2,27,3,1,3,0,0,0,3,0,1,2,2,2,8,1,3,0,1,13,3,0,0,0,1,0,9,3,5,16,20,0,3,58,0,0,0,3,7,0,0,0,1,17,4,0,2
CMR,1,3,4,0,0,17,8,1,0,53,21,0,8,88,36,29,12,15,11,0,3,4,0,0,5,44,2,3,7,16,6,62,53,19,60,27,0,41,29,0,0,13,2,3,15,126,1,18,5,14,11,27,0,47,13,25,21,1,234,7,17,144,7,57,0,13,4,8,16,0,1,0,6,1,0,10,1,7,25,55,11,23,8,8,18,72,7,19,47,11,55,10,2,0,21,0,3,0,15,1,0,0,0,11,0,2,11,6,14,0,1,6,0,20,1,13,1,7,1,2,23,1,3,12,24,6,6,3,63,1,46,24,17,17,11,25,15,18,14,0,8,21,0,20,3,6,0,11,0,20,26,12,21,8,25,18,1,5,1,0,1,16,0,1,2,9,4,24,1,3,1,9,3,11,0,0,0,1,2,18,23,20,34,44,10,3,195,0,0,0,5,26,0,0,0,5,143,19,0,6
COD,3,1,1,0,0,5,5,0,0,25,9,0,8,107,22,14,8,4,6,0,0,0,0,0,1,13,0,1,6,2,1,24,49,8,26,11,41,0,9,0,0,5,0,0,4,62,0,15,0,6,6,14,0,18,6,19,7,0,77,6,16,70,2,24,0,13,0,7,6,0,0,8,1,0,0,3,3,2,11,27,7,6,6,5,6,19,2,6,22,4,48,6,2,0,10,0,1,0,9,5,0,0,0,5,0,1,11,0,2,0,0,2,0,8,0,5,0,5,0,0,15,1,0,6,8,1,6,2,20,0,19,12,10,8,6,17,6,7,11,0,4,9,0,9,0,4,0,5,0,7,7,19,7,3,15,9,0,6,0,0,0,6,0,1,0,6,0,24,0,0,0,4,5,6,0,0,0,0,0,3,6,8,22,32,6,1,156,0,0,0,1,17,0,0,0,3,40,28,0,13
COL,1,0,6,1,0,31,377,207,0,345,257,89,4,237,14,5,23,230,11,0,3,209,2,0,27,868,4,4,7,1,0,360,405,478,434,5,29,9,0,0,0,68,60,124,253,586,0,179,13,21,246,154,0,1160,136,23,182,2,592,7,1,686,213,23,0,1,0,2,235,6,1,22,3,1,8,128,0,220,32,226,206,170,25,16,139,543,11,23,215,12,51,11,1,0,177,0,6,1,44,0,1,0,0,125,0,123,17,114,110,3,1,1,0,573,2,3,1,7,1,4,14,0,2,2,248,4,6,0,48,6,378,164,17,180,10,154,54,131,99,0,7,353,0,325,23,88,0,122,0,202,352,10,64,5,4,41,3,1,7,0,0,229,0,2,2,104,107,193,0,2,1,0,0,145,0,0,0,1,4,13,259,240,15,25,201,58,1511,5,0,0,134,94,0,0,1,6,190,11,0,6
COM,0,0,0,0,0,0,0,0,0,0,0,0,0,2,0,0,0,0,0,0,0,0,0,0,0,1,0,0,0,0,0,0,0,0,0,1,0,0,0,0,0,0,0,0,0,0,0,0,0,0,0,0,0,1,0,0,0,0,7,0,0,2,0,0,0,0,0,0,0,0,0,0,0,0,0,0,0,0,0,0,0,0,0,0,0,1,0,0,1,0,0,0,0,0,0,0,0,0,0,0,0,0,0,0,0,0,0,0,1,0,0,4,0,0,0,1,0,0,0,0,0,0,4,0,0,0,0,0,0,0,0,0,0,0,0,0,0,0,0,0,0,0,0,0,0,0,0,0,1,0,0,0,0,0,1,0,0,0,0,0,0,0,0,0,0,0,0,0,0,3,0,0,0,0,0,0,0,0,0,0,0,0,0,0,0,0,1,0,0,0,0,0,0,0,0,0,0,0,0,0
CPV,0,1,0,0,0,0,0,0,0,3,2,0,0,1,0,0,0,0,0,0,0,0,0,1,0,6,0,0,0,0,0,1,2,0,2,0,0,0,0,0,0,0,0,0,0,4,0,2,0,0,0,0,0,8,0,0,0,0,3,0,1,13,0,1,0,0,0,0,0,0,0,0,0,0,0,0,0,1,0,0,0,0,0,0,0,0,0,0,0,0,0,0,0,0,0,0,0,0,0,0,0,0,0,0,0,0,0,0,0,0,0,1,0,1,0,0,0,0,0,0,1,1,0,0,0,0,0,0,1,0,1,1,0,0,0,0,0,0,0,0,0,0,0,24,0,0,0,0,0,0,0,0,1,0,1,0,0,0,1,0,0,0,0,1,0,0,0,0,0,0,0,0,0,0,0,0,0,0,0,0,0,0,0,0,0,0,5,0,0,0,0,0,0,0,1,0,2,0,0,0
CRI,1,0,2,0,0,7,36,1,0,55,25,0,3,31,10,0,10,8,6,1,2,0,2,0,6,87,2,1,6,1,0,64,37,63,35,5,13,5,68,0,0,0,9,5,15,92,0,26,5,11,33,12,0,109,9,11,17,1,76,5,1,95,3,9,0,0,0,2,11,0,1,15,1,2,8,3,0,7,16,26,11,13,7,7,13,51,4,12,29,7,17,7,1,0,14,0,5,1,12,0,1,0,0,7,0,3,10,3,4,1,2,1,1,74,1,0,1,6,1,1,11,0,2,1,16,2,5,0,14,17,49,24,10,19,4,14,31,28,17,0,6,21,0,23,5,6,0,4,0,11,24,5,18,0,0,12,1,0,11,0,0,13,0,1,2,9,2,31,1,2,0,0,0,8,0,0,0,1,2,4,11,17,14,11,6,19,294,1,0,0,16,17,0,0,1,4,32,6,0,0
CUB,0,8,1,0,0,2,44,27,0,14,36,14,0,55,2,1,2,2,0,0,2,0,1,0,7,183,2,1,0,0,0,48,55,59,60,2,2,0,60,0,0,9,0,2,34,82,0,38,6,2,118,6,0,192,5,2,33,1,81,0,0,82,0,3,0,1,4,0,36,0,1,11,0,0,13,31,0,35,30,42,4,5,0,2,8,84,2,3,39,1,7,1,0,1,33,0,4,0,3,0,0,0,0,3,0,2,4,2,2,1,1,0,0,210,1,0,1,2,1,0,3,0,3,1,2,0,0,0,6,2,45,39,2,6,2,30,5,56,4,0,0,35,0,20,18,1,0,2,0,31,41,0,8,1,0,4,1,0,3,0,0,5,0,1,1,31,3,49,0,2,0,0,0,33,0,0,0,1,0,3,36,3,2,4,28,19,122,0,0,0,23,11,0,0,0,1,42,1,0,1
CYP,0,0,7,0,0,15,8,115,0,63,156,1,0,191,2,1,3,129,0,0,7,119,0,0,1,129,3,3,1,1,0,61,172,15,158,2,3,0,124,0,0,5,2,0,155,287,0,51,1,6,111,124,0,246,140,2,172,1,235,0,0,418,117,3,0,0,0,0,442,2,1,0,0,0,0,147,0,139,6,144,155,143,1,4,46,292,3,10,33,7,3,3,0,0,140,0,5,0,11,0,3,0,0,113,0,128,4,116,6,0,2,0,0,128,11,0,18,2,6,7,2,0,3,0,121,0,0,0,6,0,109,25,3,122,4,140,4,4,4,0,0,165,0,167,1,2,0,115,0,47,152,0,26,1,1,12,1,1,1,0,0,138,0,0,1,22,20,95,0,2,0,0,0,120,0,0,0,1,1,7,277,132,3,3,122,2,359,3,0,0,3,4,0,0,0,1,28,0,0,0
CZE,0,0,17,1,0,33,207,250,0,489,847,109,1,619,3,4,8,324,1,0,34,233,1,0,5,461,2,9,1,3,3,544,895,188,717,3,15,4,253,0,0,15,34,155,0,2010,0,410,2,28,123,203,1,1022,224,10,445,1,1348,0,1,1501,227,11,0,1,1,0,468,4,5,1,1,1,0,288,0,560,47,388,246,255,4,27,270,1288,6,17,532,18,13,4,2,0,346,7,12,1,14,0,1,0,1,118,0,213,12,159,105,2,7,1,0,262,24,0,8,2,9,12,2,0,7,2,279,10,0,0,15,0,659,405,8,201,9,192,15,57,16,0,14,1102,0,472,3,84,0,141,0,328,816,0,94,6,3,99,1,1,1,1,0,332,0,1,4,971,291,648,0,2,3,1,0,177,1,1,0,1,5,18,409,320,10,15,315,9,1909,21,0,0,16,37,0,0,1,1,261,2,0,2
DEU,2,9,37,0,1,203,781,301,0,4693,5131,133,11,3664,51,45,129,611,16,2,52,323,3,8,35,2352,9,20,14,30,3,4615,7997,1071,6651,36,126,62,586,0,4,92,82,287,2010,0,1,3057,16,103,243,908,2,6263,452,151,2039,10,9215,8,51,13790,291,120,0,18,8,18,1652,6,8,9,6,2,5,611,3,1403,252,1874,1176,846,88,227,1641,7816,10,150,3414,78,231,47,12,3,1614,5,61,9,108,7,11,1,46,159,0,356,324,230,206,24,76,54,0,869,64,21,60,18,18,52,29,4,14,36,507,39,13,13,145,10,7193,1977,76,852,55,564,70,145,175,0,13,2861,4,1637,15,107,2,260,8,897,3742,23,764,46,35,692,1,13,5,0,2,563,3,2,6,488,533,4312,7,8,22,5,8,426,11,1,0,1,12,103,1200,876,115,88,763,79,20586,47,16,0,56,353,1,0,0,13,1241,31,0,20
DJI,0,0,0,0,0,0,0,0,0,1,0,0,0,1,0,1,0,0,0,0,0,0,0,0,0,0,0,0,0,0,1,2,1,0,0,1,1,0,0,0,0,0,0,0,0,1,0,0,0,1,0,0,0,0,0,3,0,0,14,0,0,3,0,0,0,0,1,0,0,0,0,0,0,0,0,0,0,0,1,1,0,0,0,0,0,4,0,0,0,0,0,0,0,0,0,0,0,0,1,0,0,0,0,0,0,0,0,0,0,0,0,0,0,0,0,0,0,0,0,0,0,0,0,0,0,0,0,1,0,0,1,0,0,0,0,0,0,0,0,0,0,0,0,0,0,0,0,0,0,1,1,0,0,0,2,0,0,0,0,0,0,0,0,0,0,0,0,0,0,0,0,0,0,1,0,0,0,0,0,1,0,0,0,0,0,0,3,0,0,0,0,0,0,0,0,0,1,0,0,0
DNK,3,3,11,0,0,48,230,126,0,1340,694,103,5,884,20,21,36,140,10,0,13,110,3,4,19,578,4,3,8,6,0,1243,1277,275,1431,4,18,15,179,0,2,26,38,51,410,3057,0,0,2,17,39,84,0,1499,147,29,858,4,1715,7,6,3512,106,63,0,1,1,3,466,0,78,2,1,1,1,139,0,333,62,271,313,196,12,201,386,1708,4,23,640,16,56,13,2,10,280,2,21,6,37,1,5,0,9,22,0,81,60,39,110,5,5,4,0,178,21,8,20,9,5,7,14,3,2,8,205,6,10,5,31,1,1815,1425,28,212,19,117,14,62,30,0,7,585,0,484,5,86,0,53,0,255,422,8,117,4,17,190,1,6,1,0,0,184,0,1,2,200,204,2254,0,3,1,2,0,94,2,0,0,1,1,12,323,207,68,47,100,33,4386,2,0,0,13,56,1,0,1,5,356,16,0,9
DOM,0,0,1,0,0,1,8,0,1,2,7,0,0,7,0,1,0,4,3,0,1,1,0,1,2,10,1,1,1,2,0,6,7,8,6,0,5,0,13,0,0,5,6,1,2,16,0,2,0,0,2,4,0,35,1,3,2,0,9,0,0,10,2,4,0,0,1,0,3,0,0,4,0,0,4,5,0,3,2,4,2,1,0,0,3,5,3,4,7,3,0,0,0,0,1,0,0,0,1,0,0,1,0,0,0,0,0,1,5,0,0,0,0,16,0,0,0,0,0,1,0,0,1,0,5,0,1,0,4,1,4,1,1,4,4,0,7,5,1,0,0,3,0,3,4,0,0,4,0,3,3,0,3,1,1,2,0,2,2,0,0,2,0,0,0,0,1,2,0,0,0,0,0,2,0,0,0,0,3,2,3,4,0,1,2,2,81,0,0,0,4,1,0,0,0,0,3,0,0,0
DZA,1,1,5,0,0,50,10,1,0,39,26,1,4,91,14,1,15,17,18,0,2,3,0,0,1,36,2,1,7,1,0,151,53,20,115,7,14,6,21,0,0,11,2,6,28,103,1,17,0,0,10,77,0,224,17,19,28,2,1215,8,0,132,6,14,0,1,0,2,21,0,1,0,0,0,1,11,0,9,14,77,23,53,18,9,18,159,7,40,38,9,16,12,0,1,33,0,8,0,36,0,4,0,0,12,0,4,14,4,88,0,1,0,0,28,1,1,4,7,3,1,10,0,2,4,62,2,6,2,21,0,31,23,16,17,15,33,10,13,15,0,3,35,0,64,1,12,0,33,0,31,36,7,225,2,5,17,1,0,0,0,0,24,0,0,1,17,8,33,0,3,4,0,0,5,1,1,0,1,0,127,107,19,10,9,23,4,127,1,0,0,6,21,0,0,0,7,65,9,0,1
ECU,1,1,2,0,0,10,79,110,1,68,132,0,3,176,9,1,9,114,6,0,2,109,0,0,23,256,2,2,5,0,0,61,138,136,153,4,11,6,246,0,0,33,118,111,123,243,0,39,2,10,0,125,0,556,117,8,123,2,223,5,2,240,109,10,0,1,0,1,124,0,1,21,3,1,14,112,0,121,10,137,124,120,9,7,16,181,3,8,28,5,13,7,0,0,126,0,3,0,8,0,0,0,0,111,0,111,7,108,6,0,1,2,0,261,1,0,1,6,1,1,7,0,1,0,129,2,6,0,10,7,66,25,9,126,4,118,29,91,11,0,4,135,0,151,23,5,1,112,0,15,131,5,22,0,1,12,1,0,5,0,0,117,0,1,1,9,3,33,0,2,0,0,0,115,1,0,0,1,0,9,119,120,9,10,117,15,492,3,0,0,122,17,0,0,0,3,35,5,0,0
EGY,3,2,8,0,0,177,27,119,0,219,206,4,4,264,18,4,56,149,38,0,4,121,0,1,5,217,4,10,7,2,0,488,235,32,635,5,27,14,154,0,0,12,6,124,203,908,0,84,4,77,125,0,0,403,134,39,201,2,429,8,2,790,121,29,0,2,0,2,186,1,1,0,1,0,2,137,0,168,37,432,166,278,44,12,40,429,8,87,535,19,40,12,3,0,388,3,103,1,115,1,40,0,0,131,0,119,19,116,53,0,2,0,0,190,3,0,5,7,4,4,15,1,6,3,269,3,6,1,56,0,150,62,23,160,77,277,13,20,35,0,3,246,0,189,6,19,0,268,0,61,253,8,2888,37,7,58,1,6,1,0,3,152,1,1,1,32,20,146,0,3,12,2,0,151,2,0,0,1,5,73,296,210,19,22,139,6,1682,8,0,0,9,55,0,0,0,98,121,15,0,2
ERI,0,0,0,0,0,0,0,0,0,0,0,0,0,0,0,0,0,0,0,0,0,0,0,0,0,1,0,0,0,0,0,0,2,0,5,0,0,0,0,0,0,0,0,0,1,2,0,0,0,0,0,0,0,2,0,0,0,0,3,0,0,4,0,0,0,0,0,0,0,0,0,0,0,0,0,1,0,0,0,4,0,0,0,0,0,3,0,0,0,0,1,0,0,0,1,0,0,1,0,0,0,0,0,0,0,0,0,0,0,0,0,0,0,0,0,0,0,0,0,0,1,0,1,0,3,0,0,0,0,0,2,1,1,1,4,0,0,0,0,0,0,0,0,2,0,0,0,1,0,0,1,0,2,2,0,0,0,0,0,0,0,0,0,0,0,0,0,0,0,0,0,0,0,1,0,0,0,0,0,0,0,1,0,0,0,0,6,0,0,0,0,0,0,0,0,0,1,0,0,0
ESP,2,18,31,11,1,122,1094,256,0,2159,1431,113,4,2155,18,16,41,433,15,0,27,273,4,3,34,2607,5,5,8,5,0,2085,2679,1639,2061,5,47,18,1160,1,8,109,192,246,1022,6263,0,1499,35,224,556,403,2,0,307,60,1088,9,5820,8,11,7655,251,40,0,4,6,10,1233,2,7,29,5,1,28,371,1,792,86,892,837,577,44,133,703,6016,9,54,1358,23,71,16,13,1,740,2,40,2,85,2,5,1,2,143,0,282,108,179,310,30,15,15,0,1765,41,10,56,10,8,12,81,2,9,10,389,13,10,5,81,18,3159,1124,22,459,34,266,60,270,101,1,27,1610,0,2763,45,107,3,205,4,642,1244,11,468,7,21,258,2,2,9,0,2,441,3,4,2,339,372,2136,2,8,5,0,1,295,0,0,1,1,4,332,812,548,61,40,391,170,9041,23,7,0,168,147,0,0,0,9,656,18,0,6
EST,1,0,11,0,0,17,22,120,0,125,205,1,4,251,10,1,13,152,8,0,10,131,0,0,5,163,2,2,7,0,0,101,255,28,224,3,13,6,136,0,0,9,5,140,224,452,0,147,1,17,117,134,0,307,0,15,475,1,305,8,0,456,123,14,0,1,0,2,186,0,3,0,1,1,0,164,0,192,19,166,192,147,8,44,62,332,5,16,55,10,15,11,0,0,156,3,10,0,19,0,0,0,0,124,0,189,19,202,9,0,4,0,0,146,5,0,8,7,3,2,9,0,3,2,138,3,6,0,21,0,180,127,13,153,7,136,14,17,17,0,4,265,0,189,3,8,0,118,0,62,257,7,48,3,2,32,1,1,1,0,0,150,0,1,3,54,42,290,1,2,0,0,0,121,0,0,0,1,2,13,173,136,10,15,158,7,419,4,0,0,4,29,0,0,1,5,34,9,0,0
ETH,2,1,1,0,0,20,3,0,0,125,36,0,7,123,19,11,32,9,13,0,1,0,0,0,2,34,2,2,9,26,0,84,77,14,94,7,25,19,23,0,0,11,2,2,10,151,3,29,3,19,8,39,0,60,15,0,32,4,66,8,1,234,6,44,0,6,0,6,11,0,0,0,0,1,0,6,0,2,19,152,14,39,13,10,21,60,2,22,60,12,110,12,2,0,59,0,4,2,14,2,4,0,0,14,0,1,18,2,9,1,3,4,0,30,1,5,1,9,1,2,24,0,3,19,34,5,6,3,53,0,162,91,25,26,14,36,9,23,18,0,2,21,0,27,0,9,0,11,0,11,31,23,40,15,9,20,1,2,0,0,1,19,2,0,1,10,2,81,7,2,0,2,2,8,0,0,0,2,1,7,18,30,48,44,10,2,388,0,0,0,1,16,0,0,1,8,153,18,0,11
FIN,1,0,10,0,0,47,60,144,0,705,582,16,4,650,13,11,43,205,9,0,15,148,0,0,6,404,2,4,8,5,0,681,822,120,1014,3,21,7,182,0,0,17,33,172,445,2039,0,858,2,28,123,201,0,1088,475,32,0,3,1314,8,2,2243,131,30,0,1,0,3,444,1,4,1,1,1,2,250,0,373,64,395,346,230,19,134,186,1242,6,37,503,20,38,14,0,0,319,1,34,2,33,0,6,0,7,130,0,215,36,180,14,5,8,2,0,237,15,1,17,9,2,12,15,0,4,17,185,9,6,1,39,2,1020,849,38,263,18,221,18,62,23,0,5,581,0,411,6,15,0,144,1,168,804,8,135,6,6,142,1,2,1,0,2,198,0,2,4,103,113,1894,2,2,1,0,0,175,2,0,0,1,2,20,317,205,27,22,213,13,2494,9,0,0,16,32,0,0,0,5,248,9,0,1
FJI,0,0,1,0,0,3,2,0,0,102,4,0,0,4,1,0,6,2,0,0,1,0,0,0,0,7,2,1,0,0,0,13,10,2,9,1,1,0,2,0,0,1,1,1,1,10,0,4,0,2,2,2,0,9,1,4,3,0,14,2,0,41,0,1,0,0,0,0,2,0,0,0,0,0,0,1,0,2,3,18,2,2,0,1,1,8,1,3,17,1,2,2,1,0,12,0,1,0,2,0,0,0,0,0,0,1,1,1,1,1,2,0,0,4,1,0,1,1,1,0,2,0,1,0,13,0,3,0,2,0,5,3,2,26,1,9,1,2,6,1,1,3,0,4,0,1,0,0,0,1,1,0,5,1,0,2,7,0,0,0,0,1,0,0,1,1,1,6,0,1,0,0,0,3,0,0,1,1,0,3,2,2,1,1,0,1,46,0,0,0,1,3,2,0,4,1,9,0,0,0
FRA,6,6,25,2,0,202,725,303,0,3105,1813,115,10,3963,118,141,56,424,21,3,27,275,2,5,43,2362,6,10,11,14,14,4521,4850,929,4175,128,234,77,592,7,3,76,81,235,1348,9215,14,1715,9,1215,223,429,3,5820,305,66,1314,14,0,7,71,9702,251,50,0,46,117,15,1293,2,5,15,68,2,2,434,11,937,171,1377,950,539,54,160,1047,7340,11,53,2561,44,155,15,56,6,1028,7,41,28,519,2,28,0,6,129,0,285,253,186,791,110,19,92,2,914,41,67,59,18,15,16,44,21,27,25,453,17,106,29,84,10,4036,1329,34,628,35,400,29,173,146,1,19,2036,0,1530,16,97,26,273,58,906,2284,15,618,25,236,554,4,4,4,1,1,449,4,2,8,346,403,2557,10,17,31,12,31,492,4,0,0,2,13,1517,877,654,60,64,562,94,13429,15,7,0,83,420,5,0,2,9,950,28,0,29
FSM,1,0,0,0,0,6,1,0,0,13,6,0,4,7,7,0,8,5,8,0,0,0,0,0,1,8,0,0,7,0,0,9,8,7,8,0,7,6,7,0,0,5,0,0,0,8,0,7,0,8,5,8,0,8,8,8,8,2,7,0,0,10,2,7,0,0,0,2,5,1,0,0,0,0,0,2,0,0,8,8,8,8,7,7,8,8,2,8,9,6,8,7,0,0,9,0,1,0,8,0,0,0,0,6,0,0,8,0,1,0,0,0,0,8,0,0,0,5,0,0,7,0,0,1,8,1,7,0,8,0,7,8,7,8,4,8,6,8,8,1,2,8,0,7,0,6,0,5,0,8,8,7,8,0,0,8,0,0,0,0,0,8,0,0,0,7,0,8,0,0,0,0,0,0,0,0,0,0,0,3,7,8,6,6,7,1,20,0,0,0,0,7,0,0,0,4,8,7,0,0
GAB,0,1,0,0,0,2,2,0,0,10,14,0,1,14,10,11,1,0,0,0,0,0,0,0,1,5,0,1,0,0,2,12,17,0,8,4,17,16,1,0,1,1,0,0,1,51,0,6,0,0,2,2,0,11,0,1,2,0,71,0,0,34,0,12,0,4,1,2,0,0,0,0,1,0,0,0,0,1,3,3,0,0,0,0,0,10,0,0,9,0,8,0,2,0,1,0,0,0,0,0,0,0,0,1,0,0,0,0,4,0,0,2,0,1,0,4,0,0,0,0,6,1,0,2,1,1,0,1,2,0,21,1,0,1,1,1,2,3,3,0,2,0,0,7,0,0,0,0,0,0,10,0,0,0,7,2,0,2,0,0,0,0,0,0,0,0,0,4,0,0,0,0,1,1,0,0,0,0,1,1,0,2,11,6,0,0,49,0,0,0,2,4,0,0,1,0,10,0,0,3
GBR,17,10,27,1,1,397,653,296,0,9202,2522,106,7,4134,43,77,277,492,32,14,51,276,11,12,27,3053,21,40,14,61,5,6682,5847,1221,10729,42,144,70,686,2,13,95,82,418,1501,13790,3,3512,10,132,240,790,4,7655,456,234,2243,41,9702,10,34,0,260,302,0,24,5,133,2305,16,14,17,15,6,9,515,5,1168,282,2426,2667,949,394,277,1340,9401,31,170,3503,105,536,24,60,20,1607,11,111,37,160,13,69,2,9,289,0,324,215,205,191,37,27,58,7,1010,50,60,135,59,14,30,62,5,45,225,1310,46,22,18,498,20,7910,2697,175,1717,113,864,82,247,197,5,38,2393,1,2231,15,117,2,484,11,766,2202,48,1167,63,63,1572,9,44,9,3,2,539,5,4,5,375,467,4937,15,22,14,7,3,858,7,0,3,2,33,125,1231,1047,257,354,508,112,25659,20,22,0,55,371,6,0,3,11,2262,152,0,124
GEO,0,0,3,0,0,8,100,214,0,117,233,93,1,136,3,1,2,222,2,0,3,218,0,0,6,217,0,2,2,1,0,113,242,97,233,0,7,2,213,0,0,3,0,117,227,291,0,106,2,6,109,121,0,251,123,6,131,0,251,2,0,260,0,3,0,1,0,2,219,0,0,0,0,0,0,123,0,211,3,142,127,146,2,7,102,261,3,5,108,6,2,6,0,0,135,2,2,0,5,0,0,0,0,113,0,122,2,117,96,1,2,0,0,131,4,0,1,2,2,3,2,0,1,0,208,3,1,0,8,0,116,100,5,119,5,126,4,6,5,0,1,233,0,217,4,81,0,109,0,113,249,3,19,2,1,11,0,1,1,0,0,218,0,0,0,99,99,113,1,0,0,0,0,117,1,0,0,0,3,6,233,216,2,4,142,1,349,9,0,0,1,6,0,0,0,1,100,3,0,0
GHA,4,1,3,0,0,16,18,0,0,139,19,0,4,49,34,46,22,12,10,0,3,1,0,0,5,35,6,3,7,2,1,92,86,13,128,25,57,24,23,0,1,9,3,3,11,120,0,63,4,14,10,29,0,40,14,44,30,1,50,7,12,302,3,0,0,4,2,14,10,0,1,0,2,1,1,10,0,9,20,53,18,22,11,10,13,46,10,19,48,9,68,9,0,0,33,1,5,0,11,4,0,0,0,11,0,2,10,3,13,0,1,3,0,26,1,16,1,8,1,1,23,4,4,22,36,3,6,13,114,0,122,40,17,21,8,27,13,21,17,0,7,22,0,24,2,7,0,14,0,14,23,19,26,9,20,15,1,13,1,0,0,18,0,2,2,12,3,72,1,6,0,3,14,17,0,0,0,1,2,14,22,15,46,58,9,4,390,0,0,0,6,23,0,0,1,6,204,28,0,11
GIB,0,0,0,0,0,0,0,0,0,0,0,0,0,0,0,0,0,0,0,0,0,0,0,0,0,0,0,0,0,0,0,0,0,0,0,0,0,0,0,0,0,0,0,0,0,0,0,0,0,0,0,0,0,0,0,0,0,0,0,0,0,0,0,0,0,0,0,0,0,0,0,0,0,0,0,0,0,0,0,0,0,0,0,0,0,0,0,0,0,0,0,0,0,0,0,0,0,0,0,0,0,0,0,0,0,0,0,0,0,0,0,0,0,0,0,0,0,0,0,0,0,0,0,0,0,0,0,0,0,0,0,0,0,0,0,0,0,0,0,0,0,0,0,0,0,0,0,0,0,0,0,0,0,0,0,0,0,0,0,0,0,0,0,0,0,0,0,0,0,0,0,0,0,0,0,0,0,0,0,0,0,0,0,0,0,0,0,0,0,0,0,0,0,0,0,0,0,0,0,0
GIN,0,1,0,0,0,2,2,1,0,6,3,0,0,30,7,9,1,0,0,0,0,0,0,0,1,2,0,1,0,0,1,10,17,0,11,11,13,13,1,0,0,0,1,0,1,18,0,1,0,1,1,2,0,4,1,6,1,0,46,0,4,24,1,4,0,0,0,2,1,0,0,0,1,0,0,0,1,3,2,1,1,1,0,0,0,7,0,0,10,0,9,0,0,0,1,0,0,0,0,5,0,0,0,0,0,0,2,0,6,0,0,1,0,0,0,9,0,0,0,0,0,1,0,2,1,0,0,4,5,0,10,3,3,2,0,1,1,3,0,0,0,1,0,2,0,0,0,0,0,1,5,2,0,1,16,4,0,10,0,0,0,0,0,0,0,0,0,6,0,0,0,1,4,1,0,0,0,0,0,1,1,0,5,10,0,0,39,0,0,0,1,0,0,0,0,0,9,3,0,0
GLP,0,0,0,0,0,0,0,0,0,6,1,0,0,8,1,3,0,2,0,0,0,0,0,0,0,5,0,0,0,0,2,7,4,0,1,2,4,0,0,0,0,0,4,0,1,8,1,1,1,0,0,0,0,6,0,0,0,0,117,0,1,5,0,2,0,0,0,0,0,0,0,0,2,0,0,0,0,0,0,2,0,0,0,0,0,4,0,0,1,0,0,0,0,0,0,0,0,0,1,0,0,0,0,0,0,0,0,0,0,0,0,0,0,2,0,0,0,0,0,0,1,1,0,0,1,0,4,1,1,0,1,1,0,1,0,0,0,0,0,0,0,1,0,0,0,0,1,0,0,1,2,0,0,0,6,0,0,0,0,0,0,0,0,0,0,0,0,0,0,0,0,0,1,1,0,0,0,0,2,1,0,0,0,0,0,0,10,0,0,0,0,0,1,0,0,0,2,0,0,0
GMB,0,0,0,0,0,2,2,0,0,23,3,0,1,24,5,15,28,1,2,0,0,0,0,0,1,7,0,0,2,0,0,16,19,3,6,3,8,7,2,0,0,2,0,0,0,18,0,3,0,2,1,2,0,10,2,6,3,0,15,2,2,133,2,14,0,2,0,0,3,0,0,1,0,0,0,1,0,0,3,7,3,3,2,2,3,6,0,3,4,2,39,2,1,0,2,0,1,1,2,0,0,0,0,4,0,0,2,0,3,0,0,2,0,3,0,24,0,3,0,1,6,0,0,9,3,1,1,3,15,1,19,3,4,26,1,5,3,5,4,0,2,3,0,3,1,2,0,1,0,2,3,6,2,0,11,4,0,4,1,0,0,2,0,0,0,2,1,6,0,0,0,2,4,23,0,0,0,0,0,1,2,4,12,14,2,0,77,0,0,0,0,4,0,0,0,1,34,25,0,1
GRC,0,1,27,0,0,87,144,241,0,473,585,104,4,667,8,3,14,332,6,0,13,223,0,0,5,401,3,3,5,1,0,438,825,176,572,3,16,6,235,0,0,11,36,442,468,1652,0,466,3,21,124,186,0,1233,186,11,444,2,1293,5,0,2305,219,10,0,1,0,3,0,1,4,0,3,2,0,261,0,397,40,301,318,237,14,36,268,1562,5,21,319,32,11,7,0,0,251,4,19,0,27,0,6,0,2,121,0,179,22,138,112,0,6,0,0,226,34,1,42,6,11,2,7,0,4,0,265,4,4,0,27,0,857,376,11,164,17,182,10,56,17,0,3,622,0,507,3,83,0,175,2,359,490,6,176,4,2,95,1,2,1,0,0,353,0,2,2,197,211,593,0,3,2,0,0,187,0,0,0,1,3,27,509,269,13,16,200,15,2060,5,1,0,11,42,0,0,0,6,222,7,0,0
GRD,0,0,0,0,0,0,1,0,0,2,0,0,0,1,0,0,0,0,0,0,0,0,0,0,0,3,0,0,0,0,0,7,1,0,4,0,0,0,6,0,0,0,0,2,4,6,0,0,0,0,0,1,0,2,0,0,1,0,2,1,0,16,0,0,0,0,0,0,1,0,0,0,0,0,0,0,0,0,0,6,1,1,0,0,3,9,1,0,22,0,1,0,0,0,0,0,0,0,1,0,0,0,0,1,0,0,0,0,0,0,0,0,0,0,0,0,0,0,0,0,0,0,0,0,1,0,0,0,1,0,0,1,0,0,0,0,0,1,0,0,0,13,0,2,0,0,0,1,0,1,0,1,1,0,0,1,0,0,0,0,0,0,0,0,0,0,0,0,0,0,0,0,0,2,0,0,0,0,1,0,2,1,0,0,0,0,143,0,0,0,0,0,0,0,0,0,2,0,0,0
GRL,0,0,0,0,0,1,1,0,0,5,2,0,0,4,1,0,1,1,0,0,1,0,0,0,0,2,1,0,0,0,0,25,3,1,11,1,1,0,1,0,0,1,1,1,5,8,0,78,0,1,1,1,0,7,3,0,4,0,5,0,0,14,0,1,0,0,0,0,4,0,0,0,0,0,0,2,0,2,1,1,3,1,0,3,2,3,1,1,2,0,1,0,0,0,1,0,1,0,1,0,0,0,0,0,0,2,1,1,1,0,1,0,0,2,0,0,0,1,0,0,1,0,0,0,1,0,0,0,1,0,7,22,1,1,0,1,1,1,1,0,0,4,0,2,0,0,0,1,0,2,7,0,1,0,0,1,0,0,0,0,0,1,0,0,0,1,1,14,0,1,0,0,0,1,0,0,0,0,0,1,3,1,1,1,0,2,19,0,0,0,1,1,0,0,0,0,2,0,0,0
GTM,0,0,0,0,0,1,15,1,0,11,8,0,0,6,0,0,2,0,0,0,0,0,3,0,2,22,1,0,0,1,0,13,7,22,5,0,0,8,22,0,0,15,11,0,1,9,0,2,4,0,21,0,0,29,0,0,1,0,15,0,0,17,0,0,0,0,0,1,0,0,0,0,1,0,17,0,1,0,1,13,1,1,0,0,0,10,0,2,8,0,9,0,1,0,1,0,0,0,0,1,0,0,0,0,0,0,0,0,2,0,0,1,0,54,0,1,1,0,0,1,2,0,0,0,1,0,0,0,1,8,6,5,2,3,0,9,9,21,1,0,2,4,0,0,14,0,0,0,0,1,1,0,1,1,0,4,0,0,9,0,0,0,0,0,0,0,0,6,0,0,0,0,1,2,0,0,0,0,1,0,0,0,2,1,0,4,128,0,0,0,9,3,0,0,0,0,9,7,0,0
GUF,0,0,0,0,0,0,1,0,0,5,2,0,0,7,0,0,0,1,0,0,0,0,0,0,4,13,0,1,0,0,1,4,5,1,1,1,6,1,3,0,0,1,0,0,1,6,0,1,0,0,3,1,0,5,1,0,1,0,68,0,1,15,0,2,0,1,2,0,3,0,0,1,0,1,0,0,0,1,3,6,2,1,0,0,2,3,0,1,3,0,1,0,1,0,0,0,0,0,0,0,0,0,0,1,0,0,0,0,0,0,0,0,0,1,0,1,0,0,0,0,0,0,0,0,2,1,0,0,1,1,3,2,0,2,0,0,5,5,1,0,1,0,0,3,0,0,0,0,0,1,1,0,0,0,1,3,0,0,0,0,0,1,0,1,4,0,0,2,0,0,0,1,0,1,0,0,0,0,0,0,1,0,1,2,0,1,15,0,0,0,3,1,0,0,0,0,1,0,0,0
GUY,0,0,0,0,0,0,1,0,0,5,1,0,0,1,0,0,0,1,0,0,0,0,0,1,1,2,1,0,0,0,0,4,1,1,1,1,1,0,1,0,0,2,0,0,1,2,0,1,0,0,1,0,0,1,1,1,1,0,2,0,0,6,0,1,0,0,0,0,2,0,0,0,1,0,0,0,0,1,1,1,1,0,0,0,1,2,1,1,1,0,1,0,0,0,0,0,0,0,0,0,0,0,0,1,0,0,0,0,0,0,0,0,0,1,0,0,0,0,0,0,0,0,0,0,1,1,0,0,1,0,2,2,0,1,0,0,1,1,1,0,1,0,0,1,0,0,0,0,0,1,1,0,0,0,0,1,0,0,0,0,0,1,0,1,3,0,0,1,0,0,0,0,0,0,0,0,0,0,2,0,1,0,1,1,0,1,19,0,0,0,1,1,0,0,0,0,2,0,0,0
HND,0,0,0,0,0,0,10,0,0,4,2,0,0,2,0,1,1,0,0,0,0,0,3,0,1,17,0,0,0,0,0,5,2,16,1,0,0,0,8,0,0,8,13,0,0,5,0,1,4,1,14,2,0,28,0,0,2,0,2,0,0,9,0,1,0,0,0,0,0,0,0,17,0,0,0,0,2,0,0,1,0,1,0,0,0,7,3,0,4,0,1,0,0,0,0,0,0,0,0,0,0,0,0,0,0,0,0,0,1,0,0,0,0,25,0,0,0,0,0,0,0,0,0,0,0,0,0,0,1,5,5,1,1,1,0,0,8,13,2,0,0,0,0,2,14,0,0,1,0,0,3,0,1,0,0,2,0,0,3,0,0,0,0,0,0,0,0,1,0,0,0,0,0,1,0,0,0,0,0,0,2,1,0,0,0,2,60,0,1,0,2,2,0,0,0,0,3,0,0,0
HRV,0,2,20,0,0,8,23,148,0,104,325,19,2,251,5,2,8,188,6,0,135,128,0,0,2,205,2,3,2,0,0,118,317,34,272,2,10,3,128,0,0,3,31,147,288,611,0,139,5,11,112,137,1,371,164,6,250,1,434,2,0,515,123,10,0,0,0,1,261,0,2,0,0,0,0,0,0,271,39,219,180,155,3,24,95,550,4,10,129,8,7,4,0,0,182,18,12,1,13,0,2,0,0,115,0,165,13,142,13,2,6,0,0,166,58,0,21,4,29,2,5,0,4,0,128,1,2,0,17,1,206,115,9,132,9,183,6,36,14,0,0,309,0,216,2,4,0,124,0,128,248,2,44,3,1,26,1,1,1,0,0,326,0,0,1,96,271,162,0,2,1,0,0,155,1,0,0,1,2,18,236,138,5,9,187,5,574,5,0,0,7,8,0,0,0,2,55,3,0,0
HTI,2,2,0,0,0,1,2,0,0,1,1,0,0,3,0,0,0,0,0,0,0,0,0,0,0,8,0,0,0,1,0,5,2,1,2,0,1,3,0,0,0,0,0,0,0,3,0,0,0,0,0,0,0,1,0,0,0,0,11,0,0,5,0,0,0,1,0,0,0,0,0,1,0,0,2,0,0,0,0,6,0,0,0,0,1,5,0,0,0,0,1,0,1,0,0,0,0,0,0,0,0,0,0,0,0,0,1,0,0,0,0,1,0,1,0,1,0,0,0,1,3,0,0,5,0,1,0,0,2,0,2,0,0,0,0,0,0,4,0,0,0,0,0,1,1,0,0,0,0,0,0,2,0,0,2,0,0,1,0,0,0,0,0,0,0,0,0,1,2,0,0,0,0,4,0,0,0,0,0,0,0,0,2,4,0,0,71,0,0,0,0,1,0,0,0,0,7,2,0,5
HUN,0,0,13,0,0,23,146,234,0,377,700,107,2,533,3,1,9,297,1,0,14,211,0,0,4,385,3,4,0,5,0,406,643,140,529,4,7,2,220,0,1,7,35,139,560,1403,0,333,3,9,121,168,0,792,192,2,373,2,937,0,1,1168,211,9,0,3,0,0,397,0,2,0,1,1,0,271,0,0,38,293,220,175,4,15,221,913,4,7,431,12,8,3,2,1,299,7,6,1,8,0,1,0,0,117,0,172,18,145,103,12,12,4,0,205,16,0,16,3,6,6,3,0,4,0,238,4,0,0,10,0,557,306,6,143,5,171,8,42,11,0,1,601,0,370,2,79,0,122,0,412,512,0,53,4,2,38,1,1,1,0,0,325,0,1,2,273,200,488,0,2,1,0,0,159,0,0,0,1,2,6,373,286,3,8,213,11,1435,6,2,0,13,43,0,0,0,1,190,1,0,0
IDN,3,0,2,0,0,17,18,32,0,432,66,14,4,58,13,6,37,15,9,0,3,1,1,0,5,75,3,30,11,0,0,74,103,19,185,5,25,11,32,0,0,16,30,6,47,252,1,62,2,14,10,37,0,86,19,19,64,3,171,8,3,282,3,20,0,2,0,3,40,0,1,1,3,1,0,39,0,38,0,118,22,36,14,11,21,86,4,19,579,10,29,12,19,0,167,2,4,6,16,0,0,0,0,20,0,4,13,5,11,1,1,5,0,65,5,1,1,17,2,6,16,0,2,5,343,2,9,0,29,2,277,77,29,73,7,64,17,56,79,0,5,55,0,30,2,9,1,10,0,47,54,7,70,2,3,145,4,2,2,0,0,22,0,1,2,47,6,88,0,2,0,0,1,160,0,0,1,1,2,8,58,153,16,16,36,7,405,3,0,0,9,77,1,0,0,8,82,11,0,3
IND,10,1,10,1,0,197,136,156,1,1424,380,20,8,518,19,10,174,184,31,0,6,140,4,0,7,739,4,10,17,21,1,1050,691,183,1833,11,55,27,226,0,0,26,42,144,388,1874,1,271,4,77,137,432,4,892,166,152,395,18,1377,8,3,2426,142,53,0,1,2,7,301,6,1,13,6,1,1,219,6,293,118,0,266,444,31,20,371,1174,14,56,1282,34,108,15,13,5,1781,4,46,10,39,1,9,0,0,193,0,137,35,122,65,11,8,9,6,406,13,11,12,30,2,15,21,2,27,33,861,14,8,7,175,2,638,262,185,290,140,476,31,97,117,0,9,567,0,424,12,24,0,231,0,196,732,17,1396,16,16,550,3,4,2,0,0,225,0,1,3,97,82,587,2,2,3,0,3,428,4,0,2,2,23,69,463,783,52,43,212,22,6032,17,1,1,22,158,3,0,1,18,791,28,0,22
